id,concrete_cement,healthy_metal,incomplete,irregular_metal,other
7a4d630a,0.0008244278706771368,0.9950645418531205,0.0006865011316731168,0.0013167290350679299,0.0021078001094611285
7a4bbbd6,0.0018257260359689912,0.9570122784426426,0.0007892930985522106,0.039902273225017854,0.0004704291978184387
7a4ac744,0.02406873137601178,0.4409384651425012,0.005755183815958077,0.5275885697600872,0.0016490499054417848
7a4881fa,0.01596242570441606,0.3875497149258877,0.031186076323138582,0.5630010558351478,0.0023007272114099757
7a4aa4a8,0.0006394436889454557,0.8343518607301991,0.0013965188796948628,0.1631510464556605,0.00046113024550002637
7a514434,0.0014449359450090773,0.5722764260408006,0.012388168428641579,0.4130023251192793,0.0008881444662694796
7a485f72,0.003295908090968908,0.873332531312455,0.0004290476135976994,0.12254723687801566,0.0003952761049624943
7a4b8d32,0.004696077478775363,0.7822905602255914,0.0005385434866765379,0.21187483047849953,0.0005999883304573912
7a47eb3c,9.773101395294378e-05,0.012045379943236866,0.0029053264717411294,0.9845468566549043,0.00040470591616500253
7a4be3ae,0.0038835534982130104,0.02439846341970701,0.0009167240595534985,0.9694438185797538,0.0013574404427725006
7a46a330,0.006000442195226615,0.28941112032900534,0.004465707829423471,0.6987792649895042,0.001343464656840067
7a481620,0.005399718679181305,0.16674928720512147,0.01747703932950623,0.8064380691155476,0.003935885670643559
7a49c678,0.002322855436030054,0.198148381738229,0.009765242924600043,0.7891003850212653,0.000663134879875427
7a4ea044,0.030700658219634667,0.409198266315462,0.007313064572272188,0.5443621652706198,0.008425845622011301
7a47aa1e,0.0014921051084718765,0.9420824582906907,0.000525390033973994,0.05583877648347635,6.127008338673645e-05
7a51aa1e,0.008244789939294525,0.5080746478089805,0.01688722787879032,0.4661120622527739,0.0006812721201606916
7a498be0,0.0059642245486855655,0.31398993708367656,0.01289205204478719,0.663208272364721,0.003945513958129418
7a4a2848,0.024763120136628798,0.7845083662481778,0.0058823874641798805,0.18434896738488576,0.0004971587661275745
7a4c4cd6,0.040550424169156635,0.33351480842992365,0.029935131616386248,0.5954339176199196,0.0005657181646142504
7a465038,0.2697276836170684,0.4299352095007793,0.01744229275454763,0.28174672605629647,0.0011480880713081766
7a4e94aa,0.08686958291495168,0.028018809490566655,0.5309446105658918,0.3532739750678851,0.0008930219607049255
7a49f62a,0.01143320197601035,0.05320488728831643,0.17275428131116,0.7620425124671949,0.000565116957318582
7a45b6f0,0.008109483527037787,0.825166570198923,0.08398947944283731,0.07674360511183755,0.005990861719364324
7a50bb90,0.0050356259046287315,0.9837559140918757,0.0009710720937938228,0.008242202437652208,0.001995185472049701
7a4d38e4,0.000630025584074475,0.6659550699622083,0.011826386678523234,0.3200043031941276,0.0015842145810663953
7a48a3a6,0.0028233180009337605,0.1439512012291837,0.010896434337822204,0.8200490084336524,0.022280037998407793
7a4ebe9e,0.02162404925469707,0.2546548488395189,0.04296816162599076,0.6792784167930136,0.0014745234867800394
7a48352e,0.0012165581509682138,0.7500358099083279,0.004207237357703182,0.2434168985367863,0.0011234960462142632
7a4bfaec,0.007745061157144025,0.9644726452323498,0.0015977058304540537,0.024053815044819803,0.002130772735232405
7a51e060,0.0004940227685774976,0.8639915250076358,0.004025150004815005,0.13085505742698925,0.0006342447919829854
7a4c0f5a,0.010331374499156006,0.9655768308102368,0.0018016833188159568,0.021355904098902295,0.0009342072728887104
7a4b9976,0.8998957267163493,0.029663442498475724,0.029087235396732563,0.040955597017080195,0.0003979983713621114
7a4b27d4,0.39331778737101414,0.1651127672351665,0.3513328727161015,0.08692658792534107,0.003309984752376799
7a51c698,0.8842833558852955,0.05944456998100877,0.027663322754847515,0.02622579808513272,0.0023829532937152957
7a474bb4,0.009887880906000566,0.335661220892858,0.025738922871205272,0.6252939630236062,0.0034180123063300943
7a480054,0.031033973480335295,0.041070019688570776,0.3620067809316135,0.5637300474527709,0.002159178446709414
7a4a4044,0.002717946858819677,0.6561482827380496,0.003944691506235078,0.33662667435463545,0.0005624045422602232
7a4c35ca,0.0015571685531251117,0.6091712743452644,0.0015293409242897054,0.3854544493178905,0.0022877668594305798
7a4d3fd8,0.0022822055438596906,0.7762001012426863,0.004956725897766556,0.19981903061561163,0.016741936700076093
7a4c1a68,9.927174645664977e-05,0.9861722222950465,0.0002253507115641746,0.013325629013314683,0.00017752623361782973
7a4eb1c4,0.000945430283864022,0.9870790102362447,0.0006005368272978854,0.0112078008528817,0.000167221799711889
7a4a51ce,0.004725442227630891,0.7205353596162574,0.001270366341844946,0.2729518625664809,0.0005169692477856362
7a4a14fc,0.03684880672128,0.6996506958826726,0.005784421904041488,0.2564858055202431,0.0012302699717628303
7a5015d2,0.000693555306565512,0.9899371892437485,0.0003792694653839043,0.008966093435597473,2.389254870433266e-05
7a4ba95c,0.006262005079050593,0.9541605073251053,0.0006122518735960373,0.03876930513419121,0.00019593058805672105
7a5101ae,0.00021681550863878886,0.9792119720306375,0.00022565471561857275,0.020317410507874535,2.8147237230665257e-05
7a4d0a22,0.00401052885109702,0.9354782317730447,0.0012387341445330448,0.058807563574422024,0.000464941656903082
7a5134ee,0.002349718555784367,0.6435920082126606,0.0009022412688259094,0.3513525482662714,0.0018034836964576015
7a4a85c2,0.016769818222958463,0.2213329071536175,0.003522639951935858,0.7545378325612716,0.003836802110216606
7a514b14,0.03976467829880489,0.1472680463125928,0.014979535123040696,0.7959894859942712,0.001998254271290476
7a4d0a90,0.060155578119781346,0.11560161086260382,0.044386698794810976,0.7785652076767986,0.0012909045460054536
7a485fd6,0.01365478576239724,0.34481053124772437,0.012987283904716467,0.6256564794426023,0.002890919642559443
7a4f668c,0.003089075346332911,0.6213631931548771,0.0009063184491442589,0.36703457198448597,0.007606841065159552
7a44e752,0.004480229742871727,0.09825403977404494,0.025920364452888686,0.8705338363847765,0.0008115296454181337
7a5162d4,0.004714135718022601,0.07100455155174286,0.0024825682214119757,0.9126206735150415,0.009178070993780697
7a465894,0.0024077215219587846,0.5212202990515236,0.0014003567823017865,0.46884487213120063,0.006126750513015329
7a4c9a10,0.009801124487684078,0.9836851026720204,0.0006395043372064455,0.005189609036559619,0.0006846594665295454
7a485810,0.000578221315789373,0.9913041820835089,0.0015480567611970391,0.006301145351856123,0.0002683944876483114
7a4a9788,0.003211475003746989,0.9926148566305872,0.0013885435435992317,0.0014533610246582058,0.0013317637974083437
7a503198,0.0008023925293341054,0.9805191041045407,0.0015164853236219688,0.016109806900082874,0.0010522111424202203
7a4e206a,0.007873960092741486,0.9696739172355754,0.002361142742385223,0.01832365569324097,0.001767324236057007
7a4c15ea,0.01658685424462255,0.885826117342528,0.003242868948777927,0.09368347453277068,0.0006606849313007682
7a4f8536,0.00632807805110268,0.47720051717395806,0.006807927891870457,0.4787258099692734,0.030937666913795486
7a513df4,0.0017045657042267413,0.17844114444076123,0.006263807123878033,0.8127181285727559,0.0008723541583780635
7a4d7624,0.0063296618580359456,0.11274915028118553,0.04819323335247855,0.8063175736811504,0.026410380827149388
7a4c9e8e,0.0008116255448805766,0.0162846526702847,0.02738422341394654,0.9551202857838398,0.00039921258704839977
7a4b2554,0.016468943519659975,0.20700212229246515,0.05573453211462067,0.6752476727981516,0.045546729275102206
7a502b12,0.005151620080125042,0.5784998279265453,0.013007893817969553,0.3966558563623961,0.006684801812963917
7a4c32e6,0.6385640442336644,0.009650763285510148,0.2500185140677317,0.10069354162652276,0.0010731367865711252
7a4a8a2c,0.9134619264115406,0.02765346439900348,0.03320330063456013,0.024793095639263456,0.0008882129156323447
7a467b76,0.013231744467978725,0.18472927657588922,0.02783431547342187,0.7738905408027231,0.00031412267998671544
7a51b554,0.015153062135326287,0.6890620944140546,0.025968279407034184,0.268836738977545,0.0009798250660399018
7a4622e8,0.0010227672922485786,0.09603212037726655,0.0074139723263666945,0.895279624243916,0.00025151576020211806
7a4a599e,0.0026463707054700755,0.4636774521022717,0.006825058701776105,0.525531223859974,0.0013198946305083713
7a4d17c4,0.13766100864842662,0.33366378489415616,0.07731351834304212,0.447900235797824,0.0034614523165513137
7a4fb740,0.01720028951807146,0.6086301718662016,0.024490410947342185,0.3411377016788189,0.008541425989566032
7a4ceed4,0.005496383262137381,0.9716619474438652,0.0008854840682485475,0.021508268706783785,0.00044791651896531937
7a45d1a8,0.0032421091677122017,0.8563021345690864,0.005817633149112607,0.1281017742764003,0.006536348837688481
7a4ef33c,0.0016110223759337899,0.16710288064527185,0.008612323180531617,0.822127090878633,0.0005466829196296029
7a4ec808,0.008192834419733622,0.03681179036543801,0.05133725869558183,0.9030604162007542,0.0005977003184924059
7a4eb8d6,0.014724900656836072,0.7627590399375359,0.002666034465490264,0.21955946454769915,0.00029056039243872045
7a4f39d2,0.4945548397114193,0.0435925731334324,0.19821974502933049,0.26092010936624493,0.002712732759572961
7a47a140,0.0006719148339930544,0.024573636252511157,0.016263697112093245,0.9581080257045382,0.00038272609686398337
7a4ec79a,0.0024363816506229766,0.012842539884908756,0.0206348678802375,0.9627430328990834,0.0013431776851479077
7a4be75a,0.27730655974984464,0.15735129969681877,0.13507194156944577,0.4216650130896898,0.008605185894201213
7a515d20,0.027886952325853614,0.4162275762696,0.0029005166329545925,0.5522918672215302,0.0006930875500617561
7a4e6048,0.9612058004958492,0.022687478880855434,0.007893423828958648,0.00640243092680985,0.0018108658675266543
7a4b4ade,0.0397206495384352,0.10639141766174207,0.22740027656535056,0.6238004508413867,0.0026872053930856645
7a4e6250,0.0025562014428032733,0.012295195568953109,0.03169652251832792,0.950126637404733,0.0033254430651822892
7a4848f2,0.0033417090303361837,0.050186957930457764,0.01808888619272301,0.9259757109046137,0.002406735941869288
7a4fe30a,0.004535069595314822,0.08152923568755685,0.05583337690085952,0.8573969829103913,0.0007053349058774258
7a5098e0,0.5020990954960792,0.276458396254204,0.13068749920051156,0.08750684433710786,0.003248164712097116
7a4c4f60,0.37596345433047224,0.06644620528202917,0.4250542209260775,0.11432150714052497,0.018214612320896113
7a469bb0,0.0013158864156327854,0.05472804998442648,0.005964694217784638,0.9365918069804422,0.001399562401713779
7a50b06e,0.023436785649547758,0.10475030059622621,0.09572099314526031,0.7747030193459281,0.0013889012630377711
7a4e0e68,0.027089038547585074,0.8465715922633499,0.007141214580538756,0.11536326288702742,0.003834891721498946
7a496e3a,0.006083153642565726,0.8944910744225556,0.06766430696615593,0.014801471231155388,0.01695999373756733
7a49ff30,0.0011761150480794366,0.9495453287142042,0.0033033488995044664,0.037230834374076024,0.008744372964135732
7a4c2b84,0.0013082950512475942,0.7948165870641902,0.0060009458623106054,0.19741167401548357,0.0004624980067678226
7a4533a6,0.01578689015037112,0.01268381928141795,0.6788883530912942,0.29179188680559676,0.0008490506713199471
7a48103a,0.04885299945183638,0.03171228185701039,0.5780768157325433,0.34084600887539335,0.0005118940832168881
7a4878d6,0.025095751961646432,0.03713956952690627,0.41361267828636694,0.5231557940092532,0.000996206215827436
7a455d2c,0.028279425675876182,0.1311117679967005,0.02544499209967297,0.8075722450958818,0.007591569131868867
7a49913a,0.000475103963585362,0.9189790836215564,0.002623755493968408,0.0776985942095891,0.00022346271130088436
7a4598f0,3.438419830465318e-05,0.9903773633635197,0.0004883453009238187,0.007814805309676254,0.001285101827575622
7a500c04,0.001856051487480261,0.5710876020271914,0.010012565068584035,0.4145759233453102,0.002467858071433997
7a481332,0.003337085243368014,0.9882899951508696,0.00023567728074905237,0.005507003846986486,0.0026302384780268117
7a48366e,0.0064208031088456565,0.13332196893621662,0.02267968701371755,0.8360220059500544,0.001555534991165885
7a500042,0.9313834217268473,0.030266676130278718,0.02463237585903148,0.013077660618847834,0.0006398656649947092
7a4b859e,0.006523043116818369,0.04058710818563981,0.10973011993288488,0.8426175908674841,0.0005421378971727518
7a4f46fc,0.02427249068516714,0.43027450544705453,0.04459032365459167,0.5004364913871056,0.00042618882608137223
7a4cad98,0.0024714185004025974,0.04631301095312843,0.014405381622375733,0.9365879046825266,0.00022228424156664744
7a47a604,0.0007303220130902104,0.5713649566922758,0.008638713799323041,0.419073535086606,0.0001924724087051402
7a48cebc,0.006428589153767539,0.6771882038811063,0.01801990963536802,0.2962857820529319,0.0020775152768260884
7a4c9178,0.06399448583841347,0.048428341650965816,0.14708039962915997,0.7374576926704975,0.003039080210963041
7a46ba28,0.0534680183339978,0.34268948145487343,0.24456895496783868,0.35432574082383955,0.004947804419450565
7a49888e,0.2825791738981841,0.20044389627714373,0.3098625047583282,0.17089687261884473,0.036217552447499156
7a4773fa,0.01139171207521654,0.6925858472724413,0.014804600213610854,0.2807582836973779,0.00045955674135352156
7a4c1720,0.02500781009804231,0.13642893670089742,0.023920463014901944,0.8135149428357107,0.0011278473504474143
7a4c11c6,0.0005364611248777739,0.4021568486854515,0.002165202532557404,0.5949744629737916,0.00016702468332142965
7a493f6e,0.0029873674873613872,0.1520278328050159,0.02011674728153208,0.8238046229306293,0.0010634294954612932
7a50a93e,0.005790839809272216,0.1628728430979964,0.012531195571168201,0.8159622102997126,0.002842911221850554
7a497eac,0.0004407151719125398,0.11468291105207067,0.005738109741214326,0.8778445679559408,0.0012936960788615787
7a4bdc4c,0.005339362606641674,0.11330981380024353,0.05535470936131025,0.8244872931784211,0.0015088210533839173
7a46b820,0.005622914066001596,0.8665555428961652,0.01799136580276839,0.10605730322976507,0.0037728740052996868
7a4b200e,0.006901483744881318,0.7505739256043683,0.010978710784788683,0.22905332068363232,0.0024925591823298857
7a4b24f0,0.16213637048250223,0.1926259394612946,0.29110589025433714,0.3468406120918726,0.007291187709993564
7a5159d8,0.024502022933078245,0.7216611709713857,0.012595694598931334,0.23616190786546712,0.0050792036311375875
7a4ddda8,0.0011448754237872822,0.9907370409031945,0.00409757620266886,0.0035533942081123807,0.00046711326223679577
7a4556e2,0.0006560242292774901,0.8701616835111248,0.018692468330968517,0.10951658317358218,0.0009732407550468714
7a483952,0.008089397029051653,0.6172890365938827,0.016691776719594327,0.3554413505765263,0.002488439080945395
7a48624c,0.006054994357113899,0.5150782735131249,0.02943184677141993,0.448012813928918,0.00142207142942338
7a48255c,0.04698492261473351,0.2757462600153302,0.037868600089945054,0.6384678927842533,0.000932324495738034
7a4bad76,0.021152815980238295,0.3089108902479944,0.05072410635519405,0.6165747312573339,0.0026374561592394387
7a46a95c,0.02292546387865329,0.08577916364143069,0.019925418885033498,0.8712142667827998,0.00015568681208256248
7a4e0224,0.0025099624538196673,0.5041200529524603,0.00482847752118653,0.48840146150824676,0.00014004556428657926
7a48b102,0.07260721939357066,0.15076985345004332,0.014655579994064189,0.7612687440903902,0.0006986030719315725
7a49e298,0.0020864316203876706,0.15450361784000624,0.002877814190303147,0.8299752971325042,0.010556839216798801
7a4f5ca0,0.003182089978523155,0.3766926629069605,0.014338955688713795,0.604356626385739,0.0014296650400635494
7a4bf4ca,0.0029053477067284453,0.17639631714780085,0.009114355447715956,0.8094903146754172,0.0020936650223377378
7a4f69d4,0.010678725116601338,0.7231235254031525,0.021620470581649832,0.24264837942322395,0.0019288994753725336
7a4c7d5a,0.0014615047951399346,0.9872886852520892,0.00023194264838725432,0.010728331598375504,0.00028953570600837996
7a4f0746,0.009538493175359505,0.23934138723370907,0.010911105088055512,0.7374182215674823,0.002790792935393097
7a4fe4a4,0.0035704154673239564,0.10894281790610837,0.021908161131052945,0.86277420511443,0.0028044003810847886
7a4f1e52,0.007846062944831764,0.44780329166919985,0.0038543144635172113,0.5402229851304267,0.000273345792024161
7a4664a6,0.0015698430451428506,0.964549482688445,0.0004319079386874213,0.014146691399686318,0.019302074928038496
7a50b1a4,0.0005724939545397056,0.34869027886579734,0.006090560837914945,0.6444994517773073,0.0001472145644409181
7a4fd482,0.011191258632089772,0.17647997756896455,0.005239849879330292,0.806518865054917,0.0005700488646982879
7a51210c,0.007178344987041305,0.2956877175057294,0.03046886836829807,0.6546313432950295,0.012033725843901527
7a505b82,0.016085858045499026,0.20716294515625586,0.216218128968446,0.5500429430935699,0.010490124736229017
7a4b7fea,0.004751746913131639,0.007552383375387933,0.774648947254332,0.21266172978916423,0.000385192667984345
7a4f4c4c,0.09202871091148691,0.8283329528201135,0.01660533138261262,0.0423693336803637,0.020663671205423367
7a4b2edc,0.32872230936014596,0.0725141805086798,0.39206065799465456,0.2016756512209852,0.005027200915534242
7a461dac,9.818191505733271e-05,0.19009172859190868,0.002612406410227068,0.8071096465893264,8.803649348030329e-05
7a4ca23a,0.00539321899954945,0.9873679177627191,0.001860349265169926,0.005054043396476566,0.00032447057608469973
7a49281c,0.001982657582360596,0.961865904282209,0.0003608796692976993,0.035406406775528906,0.00038415169060396085
7a4dfe6e,0.00540862662151601,0.4408988567327635,0.04018080828938481,0.5055290051477922,0.007982703208543851
7a4b8256,0.0013534788995738384,0.042538157200479036,0.02379622756722314,0.9318954591399179,0.0004166771928061946
7a511c70,0.0005243463584155384,0.7660939129763161,0.003932717781875671,0.22902801168441375,0.00042101119897902135
7a4e0288,0.9247618671428036,0.03154428504101461,0.024704409449710845,0.00988359999698156,0.009105838369489382
7a48672e,0.0019488043682679796,0.8491722028919496,0.0014360230930483147,0.14537497226388177,0.002067997382852095
7a467cb6,0.027877216779123186,0.34531764534660053,0.029471263986364796,0.5882562626317035,0.009077611256207912
7a51da2a,0.0016936010385466044,0.9329388305751936,0.0016791377934151255,0.026852396036009654,0.03683603455683503
7a4c2f3a,0.010632441606412501,0.8923451930812252,0.007371542884753858,0.08430925215499085,0.005341570272617338
7a514a4c,0.0006282632518791305,0.9059302530381403,0.0008786547038940086,0.0919766802945652,0.0005861487115215271
7a4e725e,0.0009680472964148393,0.9672503350167864,0.0019235240072069631,0.02621950857894342,0.0036385851006486094
7a465d9e,0.001597472842201629,0.965160785158824,0.0036124545658106546,0.029042237948942784,0.0005870494842208855
7a4b33b4,0.0025546741322473618,0.057880839508073156,0.010050652133427812,0.9287801473480866,0.0007336868781652006
7a5094da,0.000706061916422829,0.028485332086576363,0.011662619185549386,0.9566367142785576,0.0025092725328939875
7a473840,0.0002860789700978268,0.015020506217994887,0.012369360353599687,0.971282945585195,0.0010411088731128123
7a50711c,0.001077829152761497,0.23680413401541028,0.006353811746597259,0.7529597655058216,0.002804459579409407
7a4856d0,0.0012683089728097862,0.05140892346751414,0.01908074937446851,0.9264158394307124,0.0018261787544952778
7a4f2f3c,0.10515055843099358,0.04477021965344993,0.03647580934247911,0.8113217532556731,0.0022816593174040333
7a50d792,0.004165164060372278,0.385011341264607,0.0027924387884775306,0.6074045661277448,0.0006264897587982587
7a4d71ba,0.9813508525134548,0.006428781349575972,0.004878284371309546,0.006866011505027685,0.0004760702606319439
7a49a9a4,0.003278825112320977,0.9271656484345461,0.0011508758416744508,0.055923903920266894,0.01248074669119131
7a45043a,0.02311811137132252,0.9576082457760908,0.002985685733733327,0.01435419474887949,0.0019337623699739093
7a4a4b16,0.00199059673677435,0.705101354275959,0.00635184734379464,0.2857501422652344,0.0008060593782376333
7a4e9374,0.062040944332552736,0.7344421609272949,0.05598664076569196,0.1451975508085235,0.002332703165936889
7a4a2e38,0.0031951780650252776,0.9884949757862714,0.0007503712279454056,0.0062693502513203065,0.0012901246694375856
7a48324a,0.0026362471019480685,0.9332860541673113,0.002169733543674689,0.04859767694911124,0.01331028823795472
7a4754b0,0.007123109256910774,0.3059165769515171,0.0250588273177185,0.6592942250897545,0.0026072613840992563
7a477288,0.0032208184480677594,0.7324849992185118,0.018487693358868053,0.24315203425103252,0.0026544547235197898
7a503bca,0.1179051802711522,0.006562010430499721,0.710400704853761,0.1379010347681648,0.027231069676422325
7a4be48a,0.06069729474155869,0.010021604030777715,0.5838143675600039,0.3360191958741076,0.009447537793552285
7a50de7c,0.016184585847561044,0.9680792443082818,0.0004052887676026931,0.013206501449077524,0.002124379627477017
7a48453c,0.0012647115469330977,0.9860147365819273,0.00019975105933305097,0.011294059818727215,0.001226740993079088
7a48a7c0,0.0007426817913605413,0.9526198427507144,0.001745855001747354,0.03547684111499655,0.009414779341181043
7a4786a6,0.03234084694839601,0.06047346102223264,0.30506205583925994,0.5976699926262655,0.00445364356384596
7a4dd4f2,0.034734577784887644,0.5488218469747023,0.011193366416850896,0.2998995687764239,0.10535064004713524
7a476694,0.995614581720438,0.0018311515272450964,0.000936609176960337,0.0011839098659138072,0.00043374770944268044
7a46ed36,0.006731295381827489,0.4011528168578827,0.03697006515909376,0.5545906104412855,0.0005552121599104285
7a4e8a14,0.037212037189497754,0.11571599745383038,0.31952756607948085,0.5182418263991211,0.00930257287806939
7a45b182,0.04416281929055626,0.11601813818835263,0.027526139857233893,0.8110860447264132,0.0012068579374438575
7a46a9c0,0.0005157809265740138,0.6671836360356936,0.005066298966842556,0.32563231016180827,0.0016019739090814226
7a4eec70,0.0041684943193195404,0.18098197030300525,0.0614032988156715,0.7524012225156104,0.0010450140463934198
7a452172,0.016988803459506836,0.031026790541289914,0.15780575543900194,0.7919447134481975,0.002233937112003782
7a479588,0.006180859555871505,0.03000734336060154,0.152577833938017,0.8102352717747507,0.0009986913707592765
7a4b900c,0.002753107794447045,0.9492705400480304,0.0017335988195649507,0.04559739419639943,0.0006453591415583717
7a4eb2fa,0.0011341999060941893,0.9752566005427992,0.0026717020540493923,0.0207207836863678,0.00021671381068960531
7a4ad00e,0.8138150517598554,0.009472143576463851,0.09624784004787025,0.0782516751860335,0.0022132894297771676
7a50a2b8,0.003804037775227581,0.3070986344198533,0.04170836662390374,0.6440805877209625,0.0033083734600529878
7a4f5890,0.0013435018898642671,0.5319951495058459,0.022765645563176413,0.4430892226771472,0.0008064803639664291
7a4997d4,0.055285141898383405,0.09435858992102059,0.029030160731857928,0.8163748557852815,0.004951251663456408
7a4f9850,0.006928881457365908,0.49377337973052576,0.017374446762831144,0.48153239958918015,0.0003908924600971975
7a4c887c,0.0017274021604538926,0.345936119563413,0.008129344632663257,0.6435880221623788,0.00061911148109132
7a4b1fa0,0.020692968049036465,0.9471271424703396,0.0008714156977605257,0.029424502564802054,0.0018839712180610366
7a4be066,0.0005212174344184121,0.012131471950176545,0.014756873028432734,0.9722653190933424,0.000325118493629623
7a4e4392,0.0014693304978165504,0.7436474782923124,0.0003177387104803996,0.0130056779437548,0.24155977455563607
7a4d7f84,0.011648398940226208,0.818230900992555,0.012948535179395766,0.15379104489114664,0.003381119996676256
7a48e564,0.0011662693140413777,0.6332033152620394,0.004476001290911151,0.3601234064580638,0.0010310076749441668
7a4e909a,0.008425188469278007,0.24668995396695476,0.08309074699845602,0.6344762375443037,0.027317873021007043
7a50ad3a,0.0010767864606721275,0.45405266898045965,0.011975616477793813,0.5314101777307989,0.0014847503502756281
7a4baa2e,0.009573143484055096,0.9650887022462075,0.0015577044598848345,0.02330024293019682,0.0004802068796558439
7a4b970a,0.0015299734126717791,0.955397081704362,0.00030312721368559725,0.04247323133882743,0.0002965863304531001
7a51c558,0.0415975098944273,0.889407862866918,0.006068681442135053,0.06083763329632794,0.002088312500191815
7a4e8050,0.01201279718134452,0.9325377660990971,0.0012579664435655093,0.05412398014675251,6.749012924010734e-05
7a4b0c54,0.0008636704752266736,0.9873829314882905,0.005191978559048145,0.0058985134342383365,0.000662906043196233
7a4e50d0,0.0018013304634487755,0.6197062366019906,0.0519176697030747,0.3199161416457513,0.006658621585734194
7a466154,0.0033882720187837717,0.21363047071288077,0.18329857519078868,0.5980376312987045,0.0016450507788424219
7a503b66,0.0006107953342371237,0.9919674609387436,0.0005915540043293579,0.005466671810491178,0.0013635179121985138
7a4d651c,0.0015660310328513617,0.9536869322506799,0.0006762861132883857,0.042779078718968626,0.001291671884211921
7a51a280,0.0003048143389042207,0.026210215216721074,0.014391393711508061,0.9562453568770849,0.0028482198557817696
7a4b502e,0.002909133124371045,0.1293928566820213,0.04448053631007551,0.8198819546675873,0.0033355192159448296
7a519bf0,0.007160832596891762,0.5989246370241319,0.0438836281359314,0.3497228737515873,0.0003080284914574929
7a4a4d96,0.6929452431923206,0.061655918252139126,0.12491202370437632,0.11897775088324208,0.0015090639679216109
7a508224,0.9662536212318248,0.016925286905554147,0.01081428039818769,0.0017860364875218224,0.004220774976911481
7a4aba6a,0.002066150435549801,0.029091923821862757,0.0729952961407935,0.894286377806895,0.0015602517948990443
7a4e774a,0.004423021986127123,0.026540976471965995,0.09160365231228425,0.8737642584526671,0.0036680907769556207
7a4fe846,0.006929980200749901,0.05838891647048529,0.18574579111551145,0.7466981943489012,0.0022371178643524527
7a45a05c,0.0014525829043615826,0.0704151664598962,0.0076986988200522105,0.9184233248472542,0.002010226968435758
7a466e9c,0.006394783842864093,0.9501901653840688,0.0008487171162153577,0.026955735679500797,0.015610597977350902
7a51884a,7.1373980337020374e-06,0.9960752230870568,3.296496186107627e-05,0.003392859201090093,0.0004918153519583218
7a4b509c,0.005656317127378856,0.9231108415194276,0.010900515922357547,0.05826870142703222,0.0020636240038038804
7a457e2e,0.0012775910751867212,0.9722999949971818,0.00030961813196722746,0.024819741123284274,0.0012930546723800152
7a4e9f04,0.004053430494907982,0.3305479025188315,0.15693520790827659,0.5033663305409836,0.005097128537000292
7a489b5e,0.4735685891716143,0.11116546203787576,0.03847901105213496,0.3558433806020227,0.020943557136352424
7a4d77be,0.00013256356816313298,0.9835144299023851,0.0004996661860607617,0.015721562743987158,0.00013177759940379417
7a4b7d6a,0.06979931734495437,0.1697757222745655,0.03238771744785662,0.7195822826635527,0.008454960269070909
7a46f8f8,0.0021686583564834486,0.04636688072785327,0.007830579166336624,0.9433335400961989,0.000300341653127676
7a51870a,0.0002165681161192486,0.11376207348708389,0.01746109587690978,0.8677338839389159,0.0008263785809709136
7a4e95ea,0.003764820469782458,0.5434054509068769,0.010332786328973659,0.44104901855836043,0.0014479237360063679
7a517012,0.0025259831798678275,0.6800949341202109,0.004158649286190624,0.31213866375991184,0.001081769653818546
7a4eba7a,0.9636553417090217,0.014156041224415099,0.016794253268393764,0.005049918544285027,0.000344445253884355
7a4aed32,0.010106696253658818,0.24394195924155287,0.04390731397701166,0.7010310969995838,0.0010129335281930552
7a48e848,0.0014481030805834935,0.8565101440102161,0.0010747406648038969,0.1367615362239237,0.0042054760204729555
7a51a80c,0.012655443478505416,0.09019764965074098,0.14167069269105906,0.7338954639804955,0.021580750199198844
7a511e8c,0.0017193744463592545,0.30357943108475727,0.0016269482676313344,0.6919726917456048,0.0011015544556472697
7a471c84,0.0038991729151795365,0.9311064819967629,0.000661919697866605,0.0642733756242761,5.9049765914945226e-05
7a50c46e,0.0005080948444057743,0.8833887186814279,0.001271240482638772,0.11410989150887009,0.0007220544826574299
7a4fc4a6,0.9315797441992297,0.03060081274481412,0.029046002685811513,0.008251187013454061,0.0005222533566906583
7a4adcc0,0.0020988643338372185,0.03134396702412759,0.03027734129384216,0.9359762334489214,0.00030359389927146535
7a4e8d52,0.002013135373114843,0.2787014732568605,0.0032380441267896754,0.7156441672703527,0.0004031799728824168
7a4a9b3e,0.0011679084601088235,0.24153300664349978,0.008471376855532054,0.7486519089394493,0.000175799101410349
7a48532e,0.004957768162124203,0.06180522952072198,0.026051049099241698,0.9066525032519532,0.0005334499659589127
7a4fd4e6,0.12065959058642577,0.17405744700760215,0.379146041039328,0.31990333716482167,0.0062335842018224384
7a49afc6,0.008203529378789551,0.8083491526776314,0.00896378283792867,0.17161224514944226,0.0028712899562080996
7a4e71fa,0.0020761485530702505,0.4516387559925546,0.009648514683836679,0.5316072910201171,0.005029289750421414
7a4f1ec0,0.0057548801533509825,0.387948175536034,0.022404355037237065,0.5831058121838463,0.000786777089531766
7a4665dc,0.0004364935769040006,0.8372645613563103,0.0009369326704008465,0.160295932465283,0.0010660799311018444
7a4aaef8,0.0011382440409270771,0.9188862085505409,0.00429523170600788,0.07518049139300104,0.0004998243095232451
7a4828ae,0.0009421525753312628,0.36843610890059253,0.03125431208688424,0.5982435941447045,0.0011238322924873268
7a4a3630,0.0004205854142047992,0.4340978262417359,0.001944727451548003,0.5626335759566331,0.0009032849358780582
7a4cd3cc,0.0004824824791008434,0.5678837939280622,0.006518442714459292,0.4250223204255979,9.296045277944514e-05
7a4f0034,0.00029130138554906207,0.9157816014649667,0.002197421900503093,0.08131564411453732,0.00041403113444391865
7a4dbd50,0.0028335957136948722,0.06003992116494321,0.2070004170120965,0.7229681545779079,0.007157911531357681
7a4da432,0.02620835187900948,0.5446745310255108,0.015162890148278124,0.4133815008641265,0.0005727260830752481
7a488998,0.2714872279828229,0.00824451472007131,0.1448251802309616,0.5414871673195623,0.03395590974658209
7a4a46e8,0.0014599798792165055,0.559057044994621,0.01192796043628293,0.4273049873911812,0.0002500272986987711
7a50228e,0.000757785143091721,0.9917778088916116,0.0002855650236718254,0.0066119103068789445,0.0005669306347459784
7a4d05ae,0.0014838993946084008,0.7216428701260562,0.0050526813358937675,0.26819040374589537,0.0036301453975463457
7a483d8a,0.002578082115051056,0.8453318297431305,0.029638465494764028,0.12085708730134127,0.0015945353457131495
7a50072c,0.0012938747263380184,0.21774480310804897,0.0019910769467297103,0.778921947342824,4.82978760594512e-05
7a4ebc82,0.016351794576830996,0.8972912878351833,0.00513495811674789,0.08074169712785476,0.0004802623433825768
7a4e8cee,0.009398601482302977,0.21471723808095258,0.05708345217343301,0.7138537002976858,0.004947007965625905
7a4af71e,0.004623764549314317,0.9840115676733341,0.0022593929135865916,0.00591240322206755,0.0031928716416975483
7a4d3b5a,0.015154491567854495,0.26959955661663,0.06997297018471027,0.6437426911690282,0.0015302904617769807
7a4eb71e,0.0006925268366004655,0.09930915644268347,0.0026693062320387495,0.8969473525898015,0.00038165789887566854
7a4eba0c,0.0019547414615652815,0.35590440011304136,0.023826600017979007,0.6170536345004575,0.0012606239069569084
7a4b88b4,0.03387836833428376,0.2905392242362639,0.054523033391044966,0.6185934657637219,0.0024659082746856173
7a492d12,0.03384020532511561,0.13214408027444924,0.1053847635297179,0.7262583446798999,0.002372606190817443
7a49ef72,0.009620014661220045,0.6402412592898024,0.008702074957138999,0.11721966079407932,0.22421699029775918
7a4fafe8,0.009108097206613154,0.7570490263050922,0.0011664638465231914,0.23207915522213168,0.0005972574196401592
7a471e96,0.000801611176736885,0.9875848991193591,0.0025116066015510433,0.008714080772145371,0.0003878023302077587
7a479c5e,0.0005353249714960079,0.9617276659200528,0.0031550620616511084,0.03344577466533087,0.0011361723814691744
7a4efe86,0.021927687234227125,0.7745533612194326,0.007883028521357863,0.19321262240046624,0.002423300624516178
7a500240,0.003219300572027351,0.9552425181451906,0.0010036215292808135,0.040280074169739104,0.0002544855837623225
7a4bd2d8,0.002850660660844157,0.9690678384917053,0.015092810391158238,0.012311506395126194,0.0006771840611660246
7a4a5304,0.0018725657642467588,0.6490820047854633,0.0038186104165160288,0.343562202405179,0.001664616628594716
7a4f08ea,0.002511393906254103,0.9319998211863534,0.0012299797278992504,0.06143521758684083,0.002823587592652613
7a4bcc48,0.004362982705074296,0.9319836537600342,0.0005563570790278568,0.0630697623030836,2.7244152779970728e-05
7a4f6556,0.0040354073065514496,0.8649598693105588,0.0039875574972642065,0.12651940401444445,0.0004977618711812751
7a490df0,0.008586643290852751,0.9835231311507667,0.00123208690691705,0.006135179459521941,0.0005229591919414613
7a4c425e,0.00419092799605092,0.4372487630684764,0.016174851490402247,0.5210141118560848,0.021371345588985794
7a466f00,0.007385368987941713,0.7256197789474486,0.010079379088340015,0.11163882792945815,0.14527664504681126
7a464f5c,0.0011049793375806785,0.6885034779185846,0.0017304795132602505,0.30787231049785274,0.0007887527327218238
7a4d923a,0.005067842186776221,0.15460374374829544,0.004424999478744796,0.8356984270050931,0.00020498758109047346
7a4ab2a4,0.0009125263014472955,0.03224071014322984,0.026401116455347613,0.9401017508302807,0.0003438962696946598
7a51ba40,0.0027985092946932943,0.4870242870890134,0.006024949602761646,0.5018765728104274,0.0022756812031040426
7a4cae6a,0.03201827477673443,0.03753622074511934,0.1270686200566515,0.7949312704944501,0.008445613927044127
7a4c53e8,0.001112882973400056,0.837541953249927,0.005029845078781593,0.15609440519981702,0.00022091349807457056
7a484d70,0.008332172766004467,0.8473842290684227,0.005168821362445447,0.08160624634472638,0.057508530458401284
7a4dbb2a,0.056776258162799784,0.7550156193198134,0.014408330156381677,0.17266440974862773,0.0011353826123774407
7a495a8a,0.003167439794737768,0.7157049601936663,0.0024100681309888643,0.2765367358192683,0.0021807960613386725
7a4bd684,0.0005103881974239671,0.9061970999450841,0.004400426050116628,0.08880964857504998,8.243723232537264e-05
7a4d8c86,0.0008951767355587911,0.5195202936513164,0.0025267360642631477,0.47694633991529894,0.00011145363356241488
7a49bdd6,0.001515154295753523,0.736721325925364,0.00589887545293864,0.2552503461130115,0.0006142982129320442
7a489e42,0.0007563293832361561,0.980788124683006,0.0012699879902376345,0.01624764634062189,0.0009379116028984413
7a4c4e84,0.045920577653245254,0.23601201439104333,0.009677052441500796,0.7063612042056221,0.002029151308588856
7a4a80cc,0.0016795100082223665,0.03977134947599757,0.025020568910168253,0.9322162216170077,0.0013123499886043203
7a484c9e,0.0045402400067448105,0.7177866870155744,0.009408687195787134,0.26788234811907174,0.000382037662821481
7a4e0634,0.03806296857905836,0.1326438846818855,0.027883902600464847,0.8004153367787038,0.000993907359887046
7a4fb3f8,0.0011088996509185964,0.8784404594655685,0.00022683424166690524,0.12011864835789361,0.00010515828395242963
7a50f3d0,0.001820295401187406,0.03663014236615354,0.026389618458498836,0.9335684797545706,0.0015914640195895519
7a4ac596,0.020007487412577067,0.09985377213559271,0.3731085084793767,0.5008414925291158,0.006188739443337719
7a4c21b6,0.0015628084870866845,0.9531251357511088,0.00517888461513393,0.04003015998574023,0.00010301116093039143
7a4d504a,0.001244472582074259,0.7549573169003476,0.005628582891953055,0.23763112410277357,0.0005385035228517983
7a4b6b54,0.002585944387708101,0.9690592878869128,0.0014250152712622598,0.026623250970529467,0.00030650148358729
7a4fa3a4,0.000214317134264982,0.7178890920876184,0.002047604726069545,0.2797825111728616,6.647487918533029e-05
7a504872,0.0011802569698708954,0.9609349525927684,0.00516612786341585,0.03238685310153173,0.0003318094724133565
7a46510a,0.0053765157240949464,0.6307415811469789,0.005579576607497505,0.357105237348245,0.0011970891731833988
7a49edce,0.004491209762164149,0.2262118375356455,0.0040387483382746175,0.7618661977259232,0.0033920066379921877
7a4bb0be,0.0007642088663106023,0.9048238989109827,0.004715428486422201,0.08877254652029506,0.0009239172159897257
7a4900f8,0.009382270386875441,0.06115958564772891,0.010258165491417082,0.9068342195239046,0.012365758950073625
7a483038,0.0003712255278044558,0.029091179759378645,0.019122667107982248,0.9512810666470897,0.0001338609577449593
7a498d16,0.0007453414464493658,0.6459799672102343,0.01046345539296068,0.3423621371240837,0.00044909882627232393
7a50c612,0.0011110628654637526,0.40432689601438687,0.004151762349419392,0.5902944341499717,0.00011584462075854068
7a4bbd84,0.0011386242262685765,0.11424400594071916,0.003770086488795256,0.8797754176238846,0.0010718657203322667
7a4956d4,0.002589581167137422,0.030266187207490115,0.019339633135426432,0.9420675305379257,0.005737067952020467
7a500e70,0.9892669081858242,0.0051553360599968815,0.002748079370872496,0.0006896670556182386,0.0021400093276884393
7a4e3d0c,0.0009834571476462206,0.968465200660401,0.0012664487421338714,0.027807288666554256,0.0014776047832649188
7a4c731e,0.0002756541840705101,0.9748187951623022,0.0008932342340089284,0.02263552353545434,0.0013767928841640154
7a4663d4,0.008970464014160554,0.8970373761988288,0.0015165797227888547,0.09173633988979077,0.0007392401744310955
7a50a65a,0.0025793733477598164,0.012831845911026192,0.059334390070611844,0.9236119357413369,0.001642454929264976
7a506e4c,0.0020558503254091134,0.06628435561764641,0.013166623904978456,0.9142314712916042,0.004261698860361728
7a482a66,0.007831609719532829,0.504548277876705,0.004070651235485328,0.4810288459019968,0.002520615266280024
7a4b4796,0.0012329823497396392,0.34141027367333243,0.006399262789893776,0.6507809560263415,0.00017652516069288342
7a4aa228,0.0007565137286675271,0.9227835257181171,0.002444251358862228,0.07361437193063992,0.00040133726371310825
7a50612c,0.006238802216084978,0.7700187612513283,0.020416223656778774,0.13524443719947346,0.0680817756763345
7a4b7b58,0.0006004982440299042,0.1643195476401183,0.03106721380871809,0.803082440148467,0.0009303001586663223
7a4f24ba,0.0038340470376297983,0.05977077462405489,0.009970561473155195,0.9246711033788857,0.0017535134862738623
7a4b9638,0.0010440020231101792,0.7061953766264232,0.0018885257100218378,0.29076275357241743,0.0001093420680275556
7a48892a,0.015357443135565694,0.3887832022797784,0.018452674912866257,0.5772300779189545,0.00017660175283511364
7a4fde28,0.0021234886075664388,0.1898480790451924,0.006072842107326403,0.8015238890746279,0.0004317011652869107
7a4946da,0.011389736347094963,0.22066980098300024,0.024213950648899616,0.7427519879881134,0.0009745240328921397
7a4c2abc,0.7766560940794649,0.08081766151661698,0.06715147707741453,0.07109974610388095,0.004275021222622731
7a5082f6,0.001591502723435321,0.6512418206708258,0.001196261049490856,0.34484093880421185,0.0011294767520359725
7a4d27b4,0.03385966714819506,0.14442385696537047,0.04048856375863347,0.7787295537224501,0.002498358405351003
7a4864c2,0.0013750869103624466,0.3911374004320644,0.0020280096281412095,0.6002253402272124,0.005234162802219465
7a4add92,0.0006993297164352402,0.08212142768614675,0.005552059073599401,0.9113291640917605,0.00029801943205834755
7a4d7890,0.0013029794445294058,0.4145304934038682,0.007788291259616102,0.5761368076479958,0.0002414282439903422
7a45172c,0.003698543893658681,0.9657553584059211,0.0086615834944505,0.015586177582640899,0.006298336623328821
7a490a9e,0.0021391393951060178,0.07824419692383616,0.010471044056733964,0.9087185803456509,0.00042703927867297824
7a45e95e,0.0027885076321027143,0.33578406336804717,0.03183399329192057,0.6257236917192764,0.0038697439886531204
7a459314,0.0006832670377409551,0.14928822848496676,0.02692909854151172,0.8230671577158288,3.224821995162655e-05
7a4f9170,0.000495175237017883,0.9541021350423102,0.0011504592829814375,0.04401706229435385,0.00023516814333638693
7a4ad428,0.005192604433840188,0.3311788951459171,0.019966301457431796,0.6384074287232315,0.00525477023957946
