id,concrete_cement,healthy_metal,incomplete,irregular_metal,other
7a4d630a,0.0014020475967455037,0.983030552927728,0.00021130394808561051,0.014907386241749023,0.0004487092856916262
7a4bbbd6,0.008423249567515584,0.8978563904670526,0.017336417871749773,0.07517323220127077,0.0012107098924110475
7a4ac744,0.03725495262683436,0.5647466490303049,0.008838849348822325,0.3875618321761821,0.0015977168178563693
7a4881fa,0.007083153504046294,0.13714591033511464,0.034073271440735464,0.8210466421467487,0.0006510225733550848
7a4aa4a8,0.0026250076856058012,0.7648113601356089,0.005713748188543749,0.2189013991107467,0.007948484879494977
7a514434,0.00027758458065620036,0.9215763035497622,0.005440434820365764,0.07219815216173586,0.0005075248874799912
7a485f72,0.0091431882941436,0.9308993739477587,0.0007365240277549125,0.058842565181882876,0.00037834854845982435
7a4b8d32,0.0009537771219611637,0.8962273422627017,0.0006061917600919484,0.10195185295140827,0.0002608359038368935
7a47eb3c,0.0004103193974946664,0.042714865592364586,0.00403983733206525,0.9525906844092304,0.000244293268845064
7a4be3ae,0.0016883377181569831,0.6832154889101795,0.0013783515910536252,0.31131632610777654,0.0024014956728331074
7a46a330,0.02538781274825322,0.7969464710821195,0.00470374596644077,0.16991287779130543,0.003049092411880898
7a481620,0.12456047832741424,0.3012384559774988,0.06468743004354718,0.5004176005418096,0.009096035109730269
7a49c678,0.08112573576067092,0.5696927469530797,0.011761305570031189,0.3343472124471751,0.003072999269043139
7a4ea044,0.1109246037248897,0.47448001862051065,0.008777316735090716,0.35158772916824066,0.054230331751268276
7a47aa1e,0.0012103179494150952,0.8263996090261115,0.0018305824170475014,0.17015180308694777,0.00040768752047835107
7a51aa1e,0.005202549440402104,0.3433553241245436,0.027011355007138894,0.6240311587146848,0.000399612713230793
7a498be0,0.0006771818782563678,0.6656992768865692,0.009771130528592,0.3228767307974117,0.0009756799091706209
7a4a2848,0.09405695494542528,0.6657630172075825,0.0066748347504916,0.2327784260804307,0.0007267670160699734
7a4c4cd6,0.12171807990691781,0.4617724639819245,0.015331943458209115,0.3989665954236265,0.0022109172293221266
7a465038,0.32123865137610036,0.15359322217835536,0.10557996460265301,0.41380688969974183,0.0057812721431493375
7a4e94aa,0.6469042716567575,0.0071730775224893625,0.22635502765674884,0.11746301927364933,0.002104603890354983
7a49f62a,0.01044918670876001,0.6799527329903585,0.034114466864793386,0.2749595101618005,0.0005241032742877328
7a45b6f0,0.002014411987865713,0.8554694108258757,0.04304824273933982,0.09550559935685053,0.003962335090068056
7a50bb90,0.0018654996872043107,0.9843584073108559,0.0003264008835250885,0.007157364488721985,0.006292327629692901
7a4d38e4,0.0013404202648537905,0.7909375760844723,0.005851656247868626,0.20153676510950122,0.00033358229330397146
7a48a3a6,0.001662571501583756,0.08455117922493204,0.010766770592794286,0.8732536484763297,0.02976583020436041
7a4ebe9e,0.03484211099509323,0.09443862709949878,0.08683958679714175,0.7825751094164457,0.0013045656918204765
7a48352e,0.008486350618377861,0.20592611409062786,0.014361600227419004,0.77034652842655,0.0008794066370254933
7a4bfaec,0.015557947502452983,0.966451211235952,0.002397019283434122,0.013522314038120578,0.0020715079400402277
7a51e060,0.0031890563285630327,0.8734441429026348,0.0024683728266391924,0.1172944995579212,0.0036039283842417527
7a4c0f5a,0.004440304999553733,0.9456712248192617,0.0024097382611542786,0.04706798052218021,0.00041075139784981554
7a4b9976,0.829281624897925,0.043406490976993464,0.06546939168759609,0.06006965175961815,0.0017728406778670667
7a4b27d4,0.45920674840096476,0.01957133208655169,0.3704006218103691,0.14875662354453423,0.002064674157580368
7a51c698,0.4668525989031855,0.1653463674533116,0.2962822529485585,0.06359924574803556,0.007919534946909008
7a474bb4,0.035522925986956416,0.7343243702623897,0.007824697311398112,0.2219325425143347,0.0003954639249210736
7a480054,0.016576950904727883,0.03230894270643684,0.04999134035140611,0.8984811849061766,0.002641581131252417
7a4a4044,0.00656171217888322,0.40088583682050416,0.0068950541355260915,0.5823721837246568,0.003285213140429889
7a4c35ca,0.002312987953887176,0.5727307868898885,0.0018269327105709574,0.42190605244622026,0.0012232399994328883
7a4d3fd8,0.0003179206733437333,0.9666003782063485,0.0007411102099273115,0.026990767756594206,0.005349823153786302
7a4c1a68,0.0009358742111256451,0.9600517241498947,0.00039185681874874165,0.037907659585196166,0.0007128852350346154
7a4eb1c4,0.003504430231740014,0.9701777104353397,0.004805123769320639,0.020656390719296047,0.0008563448443035181
7a4a51ce,0.005848032081246842,0.7147846919070455,0.001585736917687512,0.2762332616874487,0.0015482774065714543
7a4a14fc,0.02016808798186536,0.838233458675284,0.027778733939212923,0.11254168252214274,0.001278036881495048
7a5015d2,0.0032828689074185665,0.9225415933328406,0.024815859365778386,0.048475961105955145,0.0008837172880071777
7a4ba95c,0.0049524981203453505,0.989767520559986,0.0010509398845797084,0.004015171525596027,0.00021386990949310598
7a5101ae,0.006964314316107573,0.973292679710922,0.001706468482060791,0.017406820807174646,0.0006297166837351358
7a4d0a22,0.006643017252322831,0.860183462958713,0.0022148932541821965,0.13068927522157933,0.0002693513132025978
7a5134ee,0.001680257378234663,0.8253589700329695,0.0042705216989372685,0.16800540947509718,0.0006848414147611668
7a4a85c2,0.012663953866874831,0.8367144109419049,0.0043758153321601274,0.14416191098778164,0.002083908871278624
7a514b14,0.039415690338755124,0.3499412505969558,0.01932836303463542,0.5792590368989985,0.012055659130655235
7a4d0a90,0.046242472313114444,0.3795901962393206,0.055076329731536776,0.5168021874708347,0.0022888142451931628
7a485fd6,0.03691182363469369,0.5698233277817674,0.010481956829859973,0.3506679291673647,0.032114962586314286
7a4f668c,0.002809396458069208,0.8794442865549309,0.0025494036987634625,0.10846972404361896,0.006727189244617315
7a44e752,0.0025049894781388657,0.03676781121564193,0.005140741052256546,0.9553212144433723,0.0002652438105903287
7a5162d4,0.003102194359451491,0.11274624997956188,0.002797197122708931,0.832882234971906,0.04847212356637155
7a465894,0.0013777030855992847,0.669107283258033,0.0014100606716571018,0.313555775287427,0.014549177697283555
7a4c9a10,0.019367229391757144,0.9697326975646332,0.0006467677967143769,0.009542294528338706,0.0007110107185570233
7a485810,0.01348540116146836,0.9495255557803121,0.02072365990521348,0.01273311694967334,0.0035322662033329027
7a4a9788,0.003279789653561435,0.9916316988433196,0.0005970504453112158,0.0019302266902647145,0.0025612343675430658
7a503198,0.0028268338852908215,0.9859363188302669,0.003149348635615862,0.007556301467819735,0.0005311971810066854
7a4e206a,0.0037943991775690683,0.9491866170665941,0.0014165626305060275,0.04477959915051358,0.0008228219748175245
7a4c15ea,0.19027841568506462,0.5955379513488739,0.07117943714602727,0.13698539177427235,0.006018804045761786
7a4f8536,0.084224448250262,0.5145675103681573,0.006127677999112008,0.3546393450787535,0.0404410183037152
7a513df4,0.0024382694770144365,0.04217089708687702,0.026127390935735368,0.9263464065013818,0.002917035998990983
7a4d7624,0.0068278936011920855,0.07260585058678332,0.07795311956477882,0.8237934241890804,0.018819712058165294
7a4c9e8e,0.0013153005607729569,0.007169753082881874,0.022538677679267448,0.9685689717510485,0.0004072969260288784
7a4b2554,0.03692785759977212,0.20656232877007472,0.03198420296582714,0.7171808103245408,0.00734480033978532
7a502b12,0.003926880772656376,0.13258534590655624,0.010751365936900263,0.8519174158846172,0.0008189914992698858
7a4c32e6,0.31782574028105526,0.0349360557943858,0.4643194586023231,0.17103445549102989,0.011884289831205787
7a4a8a2c,0.9894612425561405,0.0017621164324498895,0.006695230286758471,0.0018914254685361766,0.00018998525611494934
7a467b76,0.008516292223466802,0.12328170675689953,0.03129934023569528,0.8360721624727347,0.0008304983112037448
7a51b554,0.014122569375048294,0.47300369103754636,0.10842014730669969,0.40169903937672524,0.0027545529039805943
7a4622e8,0.011151388676609591,0.13403874409549535,0.008129639816022159,0.8453670285310723,0.001313198880800197
7a4a599e,0.006087066055737956,0.5611905521771074,0.02234159752091234,0.40691482250461114,0.003465961741631248
7a4d17c4,0.026076088950172507,0.30763954091226364,0.11081303622043229,0.5483140200387335,0.007157313878398071
7a4fb740,0.010190083886716805,0.8368385648674975,0.021774242057511817,0.11438760261659098,0.016809506571682925
7a4ceed4,0.006683474706078765,0.973609062327644,0.00396416524028028,0.015195268769017613,0.0005480289569793723
7a45d1a8,0.007370865579424489,0.609310467801432,0.02687308000306909,0.32922474540532526,0.027220841210749008
7a4ef33c,0.0028058610600360545,0.3002215308869827,0.024355295652440205,0.6694896614427427,0.003127650957798266
7a4ec808,0.011394610054153938,0.05341447275008775,0.057698495301189374,0.8746534243384575,0.0028389975561115793
7a4eb8d6,0.0029766815468814226,0.6916569633093851,0.05095579470502054,0.25369843835926004,0.0007121220794527007
7a4f39d2,0.7135734547490281,0.05560071233934048,0.14298067466368683,0.08635602726196301,0.0014891309859816862
7a47a140,0.0053481100900752915,0.15367762630743,0.00935672870501123,0.8309879275290687,0.0006296073684145478
7a4ec79a,0.0008308334985933747,0.0370033879133129,0.01009802274544116,0.9518334665324164,0.00023428931023623654
7a4be75a,0.18849953571500094,0.09678587458243289,0.051461882921504255,0.6606977407839967,0.0025549659970652335
7a515d20,0.004278516027332804,0.8827042985423231,0.0027399711053912256,0.10983390752935811,0.00044330679559471514
7a4e6048,0.9727617342962273,0.0065090401248485835,0.0033158755211894673,0.015931041260488468,0.0014823087972462585
7a4b4ade,0.12350327196353238,0.06817727348987056,0.15286191460820173,0.6536758242864799,0.0017817156519156108
7a4e6250,0.016551370755813033,0.010368004872586932,0.12665555898094785,0.8405822728488537,0.005842792541798569
7a4848f2,0.0024415705153480855,0.00923056292946942,0.033920756781258804,0.9508447876948802,0.0035623220790433918
7a4fe30a,0.005175706360418598,0.11666875508547445,0.03414995242374122,0.8433115144559815,0.0006940716743842763
7a5098e0,0.8771812928093587,0.013112124854728126,0.06683935004235911,0.04200933875820624,0.0008578935353477931
7a4c4f60,0.628075590330756,0.04468573932462217,0.23249325453832143,0.09287410747012545,0.0018713083361752683
7a469bb0,0.0013191788760363754,0.048896669905406,0.01503366499293531,0.9345687360672355,0.00018175015838699867
7a50b06e,0.046513982214324866,0.021004146630849683,0.0920078744090004,0.8395642035790991,0.000909793166725738
7a4e0e68,0.004059959045479806,0.9432606087865499,0.0004079358444172228,0.05178291346216458,0.0004885828613886707
7a496e3a,0.003928266620202206,0.9638227173301296,0.015271735822572952,0.006366500240797704,0.010610779986297829
7a49ff30,0.0012730330072941271,0.9390806817419073,0.004325756297282,0.049554270017596366,0.005766258935919886
7a4c2b84,0.001851602302117322,0.7000939859005872,0.024083050012911993,0.27338020611673874,0.0005911556676448028
7a4533a6,0.013077403510530878,0.07402408651348946,0.47214779997201667,0.4341518062678302,0.006598903736132863
7a48103a,0.2561599519832135,0.04213135022164849,0.46685792300596896,0.23385729687140341,0.0009934779177659724
7a4878d6,0.22036035986954808,0.1246459853636801,0.21496597372909315,0.4340318525954687,0.005995828442209727
7a455d2c,0.01448979608481506,0.679647898482462,0.03898694329982178,0.26533402466005834,0.0015413374728430436
7a49913a,0.0010014700279547262,0.8401651844295065,0.005156446749082046,0.15121837014254522,0.002458528650911535
7a4598f0,0.001799819656214441,0.9534201899119116,0.00489922597130125,0.033650469708438824,0.006230294752133629
7a500c04,0.00043449951319393047,0.824947438721488,0.0015859472525447738,0.1723341211933116,0.0006979933194617284
7a481332,0.002217539872077833,0.9821134679771567,0.0005445508002457364,0.014764806488296275,0.00035963486222329277
7a48366e,0.003580384673856348,0.34118033299928796,0.006173252373808941,0.6404366961675557,0.008629333785491017
7a500042,0.9851795383012665,0.003392288968342718,0.006461715119040358,0.004625365084608889,0.000341092526741533
7a4b859e,0.024209883279886477,0.20065456033726778,0.09191457279765336,0.6822593019394935,0.0009616816456987738
7a4f46fc,0.08149244099371697,0.7234213118875621,0.027254666937303943,0.16496874931694822,0.0028628308644683266
7a4cad98,0.03443496756264968,0.10553765871143031,0.18215681548222487,0.6763423077658517,0.0015282504778434726
7a47a604,0.0016745481675699986,0.7247433185191579,0.0335626261211304,0.2296574045100997,0.01036210268204186
7a48cebc,0.003121411530300203,0.9495357440085246,0.012347937963624113,0.034205111160046854,0.0007897953375047716
7a4c9178,0.01665375648620597,0.0832252810991123,0.05191580470592277,0.8476672774737808,0.0005378802349782242
7a46ba28,0.04298887064887411,0.11907337181876013,0.368583998946571,0.4651251908736723,0.004228567712122293
7a49888e,0.3096343269102259,0.07926079833608367,0.07542354018556204,0.5262276430205043,0.009453691547624042
7a4773fa,0.002554003874522193,0.8140125555282876,0.005128311491593123,0.17795946265286902,0.00034566645272787126
7a4c1720,0.024860843184748346,0.34441341430818007,0.04140594347464068,0.5886725240444483,0.0006472749879824055
7a4c11c6,0.0011152225060896686,0.3779394050227214,0.005345921210600905,0.6134162098984833,0.0021832413621041234
7a493f6e,0.001412778969222557,0.16007208110031496,0.03426973726584578,0.8028558778367841,0.001389524827832446
7a50a93e,0.005597907765324217,0.48297520162799484,0.002695983237917803,0.5075712346496419,0.0011596727191212832
7a497eac,0.0015791382951699346,0.19084457400447938,0.005478657625757249,0.8009018211656963,0.0011958089088974343
7a4bdc4c,0.004080985143572323,0.040643289751691264,0.02049204574919258,0.9342098017280428,0.0005738776275016559
7a46b820,0.004728297137148065,0.9246099985475406,0.004817840490919043,0.06458282450222749,0.00126103932216516
7a4b200e,0.008275697863261875,0.9148814195247796,0.005824917997108566,0.06903239441481211,0.0019855702000379275
7a4b24f0,0.47737639755576505,0.17807412216319485,0.07167172633937254,0.27066807089362727,0.002209683048040253
7a5159d8,0.026468642018031358,0.6505830927072648,0.016593500832037453,0.30109584520270105,0.005258919239965572
7a4ddda8,0.0018235907960848638,0.924991592705606,0.0024559759926669512,0.06884043918453817,0.001888401321103972
7a4556e2,0.006814283029439881,0.8395085631191802,0.03944272587181068,0.10990484862711344,0.004329579352456018
7a483952,0.015794888912368542,0.3756019341484946,0.006518081049901116,0.599448582221927,0.002636513667308965
7a48624c,0.0028520289413939332,0.9630621979341002,0.006986663666620201,0.026514784512555487,0.000584324945330199
7a48255c,0.09978370354085135,0.5261218254790697,0.022581222055122297,0.34945932208096864,0.0020539268439878113
7a4bad76,0.014534065303721712,0.26993082026913334,0.030507883184995484,0.6824284447356824,0.0025987865064670233
7a46a95c,0.06264845911136144,0.11925715803773455,0.028621350836176403,0.7887518745782611,0.0007211574364665014
7a4e0224,0.022551909873146064,0.3331617738259105,0.015503725417422766,0.6285327420644,0.0002498488191201592
7a48b102,0.043974518649361916,0.23042428860791767,0.017591619497035995,0.7055014655037277,0.002508107741957203
7a49e298,0.017068615265640016,0.1652829938823819,0.04244937863757589,0.772232013981675,0.0029669982327269998
7a4f5ca0,0.0043664978108247975,0.7788710455284471,0.011395930651809164,0.20440375713105333,0.0009627688778655844
7a4bf4ca,0.05407942239448347,0.5295582758140253,0.02153960548392175,0.39010342939274306,0.004719266914826297
7a4f69d4,0.040096463839384276,0.07381903002606605,0.023655334183960035,0.8594994517089509,0.0029297202416385323
7a4c7d5a,0.0034279968080367456,0.9818497033613334,0.0006416645116390466,0.012241290443887868,0.001839344875102676
7a4f0746,0.0037019232765337093,0.09257224238086247,0.010103083503391471,0.8918721951809164,0.0017505556582964414
7a4fe4a4,0.011968843773218283,0.12205803510629125,0.02300893409734105,0.8391603593208461,0.0038038277023032274
7a4f1e52,0.03807532921066254,0.6932610303612883,0.0035802039242722413,0.26303779378388675,0.0020456427198904813
7a4664a6,0.020748543911634054,0.7175679744610055,0.005190028151650475,0.14404240793763168,0.1124510455380782
7a50b1a4,0.002277339483566745,0.2676182192247611,0.005537319766948671,0.7239398010634778,0.0006273204612455096
7a4fd482,0.008683862846972907,0.38252550086674386,0.005632341476429097,0.6014139688229331,0.0017443259869211025
7a51210c,0.008959604808659474,0.06453714945377859,0.03115641568380509,0.8935118308126018,0.001834999241154902
7a505b82,0.0021734393863087793,0.34600774871488926,0.03528779393428076,0.6133046313195991,0.003226386644921885
7a4b7fea,0.010129291197325101,0.008321264773097267,0.31168365007428667,0.668625836538769,0.0012399574165220984
7a4f4c4c,0.018285975012911897,0.9008149951613165,0.0027235660340236023,0.05594298525205819,0.022232478539689973
7a4b2edc,0.3150533310811251,0.10206898916897912,0.15782168496535495,0.4210692302167773,0.0039867645677636385
7a461dac,0.001880082138566701,0.07658669687395979,0.0020737566404667672,0.9191088914017225,0.0003505729452841196
7a4ca23a,0.00850936300197851,0.9823982768057805,0.0006267444912824404,0.006899537793955034,0.0015660779070036479
7a49281c,0.0025514250287209587,0.9195217693616029,0.0016145682968481787,0.0753318126429347,0.0009804246698932382
7a4dfe6e,0.0059515683903493734,0.527301422829508,0.02721056745771869,0.43626317358892314,0.0032732677335007227
7a4b8256,0.0005822096479855051,0.027020258664944,0.006761537528364994,0.965174711470667,0.0004612826880388565
7a511c70,0.0008974884378374638,0.8937107939909148,0.0016502131897289513,0.10324639443727289,0.0004951099442458076
7a4e0288,0.9291505417829178,0.011035947013158437,0.017628976767888146,0.037937196638511465,0.004247337797523911
7a48672e,0.0005175788987444467,0.8183199819402543,0.004509811046346989,0.17417544428430626,0.002477183830348329
7a467cb6,0.010388650717717446,0.3689437631721123,0.045887549112665606,0.5723719581186075,0.0024080788788973604
7a51da2a,0.05592962255575721,0.5755130780296485,0.009453145765746475,0.3195361292564512,0.039568024392396636
7a4c2f3a,0.00291047533533135,0.9293500990869789,0.0015274149427737054,0.06499171479336083,0.0012202958415547692
7a514a4c,0.0006865651410585409,0.7514020460327732,0.004056871172211219,0.24343720102675437,0.0004173166272026413
7a4e725e,7.421297814380804e-05,0.9856226230116504,0.001361729386503111,0.011207947824014458,0.0017334867996880066
7a465d9e,0.0024496767556510092,0.9724111487401447,0.0016726775498068025,0.017100285687016933,0.006366211267380474
7a4b33b4,0.004240285800499449,0.1028923578982444,0.018007441149986685,0.8726360995560452,0.002223815595224288
7a5094da,0.0010972009949864624,0.16573550958987868,0.003229204405456868,0.8283320484288074,0.0016060365808705484
7a473840,0.0004023039895342649,0.031231455272371273,0.042504784571578816,0.9254705408744871,0.0003909152920287184
7a50711c,0.0005136354207293769,0.08393567515545527,0.00718370279343352,0.9081603461164077,0.00020664051397439163
7a4856d0,0.0011858030423943819,0.15308536061497,0.019185332469557462,0.825901627860765,0.000641876012313006
7a4f2f3c,0.12083585742371471,0.11627944802956211,0.0609038729730438,0.6962459549713326,0.005734866602346662
7a50d792,0.0015851625485804376,0.11033503348810421,0.012487297082171478,0.8754483515137819,0.00014415536736192563
7a4d71ba,0.9314697654073556,0.01092268913160657,0.032155814843172065,0.023237769840505948,0.0022139607773598593
7a49a9a4,0.0013865114358964812,0.9379525104023699,0.0003105581067671773,0.05966132633946726,0.0006890937154992159
7a45043a,0.006421475470756024,0.957624671623972,0.0019379632000637798,0.03290690097857715,0.0011089887266310695
7a4a4b16,0.005613707852280338,0.8774451635147763,0.001785090394847623,0.11463424918086379,0.0005217890572316653
7a4e9374,0.12493275880261986,0.5165529253429096,0.06251485290201216,0.2928254083895824,0.003174054562875804
7a4a2e38,0.007244268575311058,0.9830595525139185,0.0010449206220147834,0.008070472692151337,0.0005807855966040794
7a48324a,0.006113444898835566,0.8506052963928679,0.004526812183676166,0.10235102122201753,0.036403425302602856
7a4754b0,0.004940928986629905,0.567810221146579,0.003917151670227595,0.4157004765587847,0.007631221637778779
7a477288,0.005576211340235598,0.4616527244440217,0.016921269262907,0.5136795615256471,0.002170233427188561
7a503bca,0.03124057155226145,0.0007851853912103419,0.7643689699243322,0.201569366590109,0.0020359065420868737
7a4be48a,0.07502901991244984,0.03778031908736721,0.17417620386455457,0.709425819545601,0.0035886375900276023
7a50de7c,0.005502133560263132,0.9721700435293801,0.00021482596398305482,0.02160271433417151,0.0005102826122020835
7a48453c,0.0013808634534837627,0.9916600503673886,0.0012264204519716083,0.004404269709532238,0.0013283960176235863
7a48a7c0,0.0019125451816177595,0.971987046304093,0.006755539380215815,0.01167097700330016,0.0076738921307732385
7a4786a6,0.05896140075760476,0.03188633887218266,0.3676202873716588,0.5388571842079082,0.002674788790645593
7a4dd4f2,0.007571466549417731,0.4512007439797511,0.00832031409674654,0.5201874442139518,0.012720031160133044
7a476694,0.9779867189665308,0.012565706347099906,0.0028176805166217674,0.005218946559156187,0.0014109476105913905
7a46ed36,0.0011282414569111592,0.1331039529205258,0.015076856365610689,0.8492866586083421,0.0014042906486104484
7a4e8a14,0.07450605570985996,0.11888996503286951,0.11460109980324897,0.6860230321411788,0.005979847312843072
7a45b182,0.35085515889843244,0.12082499275797014,0.07331138684716476,0.4503269787476572,0.004681482748775814
7a46a9c0,0.0011377432279084069,0.8097901916718003,0.0024981447986076356,0.18583678372920984,0.00073713657247344
7a4eec70,0.001678238806516948,0.22246474121483542,0.07019215613144242,0.6984630436834918,0.0072018201637137425
7a452172,0.0029785391886112374,0.035636078206905626,0.14857859919121902,0.8111409294974817,0.0016658539157826816
7a479588,0.008357537154116267,0.039463285008596014,0.08031533773666803,0.8710490452005917,0.0008147949000279686
7a4b900c,0.002566131127793915,0.8609473969650652,0.0013533771372739173,0.13301619573722767,0.002116899032639456
7a4eb2fa,0.00254902033049685,0.9913927696774173,0.0005619430287208961,0.005066667783267521,0.0004295991800972432
7a4ad00e,0.17731034682459282,0.03101827712794574,0.34669629385913064,0.4284021828064022,0.016572899381928533
7a50a2b8,0.0006989899001085918,0.12416197089950193,0.0077285389263038766,0.8669669916241419,0.000443508649943755
7a4f5890,0.0036630264327574794,0.5372157046450139,0.022306127316812044,0.4351534242610217,0.0016617173443947066
7a4997d4,0.009180697761971984,0.14093550501665558,0.026167904960154767,0.8194278128374824,0.004288079423735441
7a4f9850,0.002234337657078647,0.3346549495233039,0.030280807555727606,0.6324942107843641,0.00033569447952567366
7a4c887c,0.002066085967875741,0.4077891921323902,0.01805264070516286,0.5712657874085052,0.0008262937860659401
7a4b1fa0,0.014111822297929866,0.8799034201976955,0.0038312865410921205,0.09815054440622877,0.0040029265570536675
7a4be066,0.002651216159752882,0.06042564011933845,0.058922182574209496,0.8742968723488022,0.003704088797896823
7a4e4392,0.0023932765223160777,0.9518234912621052,0.0003775832082690516,0.019431214417666442,0.02597443458964326
7a4d7f84,0.01769524402011907,0.8314176960694384,0.007176077959994641,0.14033742226680518,0.0033735596836428
7a48e564,0.003302456911047944,0.7333403963425382,0.0052015800152163645,0.2572702509026491,0.0008853158285479795
7a4e909a,0.00936961754522697,0.3198330466315624,0.047409801921496256,0.5920282214751744,0.03135931242654019
7a50ad3a,0.0020619194017006633,0.7147674474998587,0.0029073343222411783,0.2786163149705006,0.0016469838056989599
7a4baa2e,0.033529644399259304,0.8779936927165058,0.013247603689624778,0.07390970932192284,0.0013193498726875414
7a4b970a,0.00428371452704874,0.8470071118662227,0.0013886052491838008,0.14677882466658318,0.0005417436909615385
7a51c558,0.1898892801082037,0.7341542995139569,0.01406604205079497,0.05811869917353979,0.003771679153504699
7a4e8050,0.0021103440452606,0.9610003041065144,0.00605044580843156,0.030701482767352514,0.0001374232724404756
7a4b0c54,0.010235721897452177,0.9440582930440924,0.02723408761991311,0.015084402136166065,0.0033874953023761293
7a4e50d0,0.0002916212504034919,0.9244615508457351,0.012642359696336381,0.06025952176824561,0.0023449464392795286
7a466154,0.001724249214316456,0.352531455350118,0.01558628631249385,0.629956617804798,0.00020139131827356713
7a503b66,0.0029280157733387268,0.9739108705525684,0.0015248008660495365,0.0196186159964168,0.002017696811626569
7a4d651c,0.004816569200884249,0.9557065536029984,0.001137395444163333,0.037276595917600935,0.0010628858343532657
7a51a280,0.00025484506588718304,0.014128962496308597,0.010810334345758904,0.9735067157732666,0.001299142318778892
7a4b502e,0.021103313029257543,0.5466253992504327,0.096000257386222,0.3265238858957196,0.009747144438368409
7a519bf0,0.005760269131063563,0.5473244112200204,0.04568269785688344,0.3998305713945823,0.0014020503974497846
7a4a4d96,0.7036753852578471,0.015006503814610312,0.24199291164188017,0.038530501267467675,0.000794698018194774
7a508224,0.9510146472922223,0.025353581201750193,0.014465946835210618,0.005064598668333845,0.004101226002483034
7a4aba6a,0.0036513499462851122,0.03729672598122565,0.05687538063874586,0.8992533131408114,0.002923230292932217
7a4e774a,0.02564165262227293,0.02453684653023797,0.23136985325334408,0.7156074417881463,0.002844205805998865
7a4fe846,0.004435112458771483,0.023569591667992325,0.1463586415358982,0.8232607281950081,0.0023759261423302648
7a45a05c,0.0031952373725857783,0.1947782083465229,0.01244703626527384,0.7860107134308912,0.0035688045847261703
7a466e9c,0.0015006187337689193,0.9704077795895026,0.0008720652644967411,0.018792875636116244,0.008426660776115341
7a51884a,5.111559000798781e-05,0.9892362639598127,0.0004290642904690783,0.009483282607823502,0.0008002735518866429
7a4b509c,0.0019566991704345464,0.9834115425513776,0.0010396365186326527,0.01302496625218502,0.0005671555073705173
7a457e2e,0.002950527490560961,0.7317115047743867,0.0035148810062143624,0.2597109162337624,0.00211217049507546
7a4e9f04,0.06737884583773184,0.5360664633332102,0.09168791594851693,0.30090248712494805,0.0039642877555936444
7a489b5e,0.1390973069812166,0.30740578358738546,0.060940155884209875,0.4534378781942706,0.039118875352917824
7a4d77be,0.002369693814440989,0.968604560505639,0.007319776041201661,0.02026696594309827,0.0014390036956199563
7a4b7d6a,0.03292764777876937,0.5054239324300221,0.03121391219642407,0.42532243744277665,0.005112070152008064
7a46f8f8,0.002795408265048335,0.05923690294087841,0.05120410146310745,0.8848800177221569,0.001883569608808824
7a51870a,0.0009524902596126987,0.03690970131750847,0.013715204275463555,0.9477934001890913,0.0006292039583239811
7a4e95ea,0.009721134155885755,0.7989600297635457,0.006516642473799213,0.182979045793894,0.0018231478128753452
7a517012,0.0021536379535199643,0.8895683445643763,0.0019306139493535193,0.10601743780099766,0.0003299657317523742
7a4eba7a,0.9627872119698281,0.012090832543353974,0.02025650003992554,0.004585100999028815,0.00028035444786368133
7a4aed32,0.037141683117243786,0.10101269887599043,0.054231313645868404,0.8068642723887689,0.0007500319721286728
7a48e848,0.002335368764041608,0.8369549786639416,0.002144123505778925,0.1547300553665818,0.003835473699655738
7a51a80c,0.01288990139893148,0.0590781360662558,0.03509585493584953,0.8902711060014898,0.0026650015974734723
7a511e8c,0.0013365398283091778,0.8183311702172684,0.0011581223807875596,0.1775120604395921,0.0016621071340426827
7a471c84,0.02023431881409015,0.9092843030784287,0.0032239782872103178,0.06675684495438561,0.0005005548658850088
7a50c46e,0.0021203971172527236,0.9276529918872748,0.0007726636656657285,0.06910005861176793,0.00035388871803886774
7a4fc4a6,0.7905874130883918,0.08331313758102277,0.06342608615180499,0.061517043359154255,0.0011563198196261702
7a4adcc0,0.00288782655105228,0.05296252036973834,0.0269771490676136,0.9155927505516399,0.0015797534599559617
7a4e8d52,0.003263987723251316,0.5054690419440918,0.009925452672291545,0.48048215349786616,0.0008593641624993208
7a4a9b3e,0.0029125564523711646,0.09840300789404947,0.1073572650780147,0.7899255816591478,0.0014015889164167724
7a48532e,0.0031476059929199645,0.05165329792036535,0.01605312531133275,0.9284805354470128,0.0006654353283692316
7a4fd4e6,0.14657106699551517,0.06638422563473707,0.13413077596199174,0.642031834499351,0.010882096908405532
7a49afc6,0.021167758290499203,0.7479462524315844,0.010635648149046833,0.21885388753783772,0.0013964535910319421
7a4e71fa,0.00468552741181266,0.7839841826676478,0.008034101273952191,0.19774094327923736,0.00555524536734992
7a4f1ec0,0.03794075349278184,0.5007123085219622,0.03093504991527005,0.4285184920751807,0.0018933959948051042
7a4665dc,0.0010223489899061895,0.9363114489991903,0.0021578122169517177,0.05992421424547858,0.0005841755484733116
7a4aaef8,0.0011864003216562223,0.9178227905214732,0.002317804242044114,0.07846509859067691,0.00020790632414941288
7a4828ae,0.0007385487928217939,0.3806876262941859,0.009706559137355861,0.607267024287051,0.001600241488585304
7a4a3630,0.002849951051448864,0.6824946040454344,0.00193282105431482,0.3114763884665481,0.001246235382253724
7a4cd3cc,0.0006758995955308318,0.6765370028953847,0.010989199147220631,0.3116001723004876,0.0001977260613761078
7a4f0034,0.0008152022220238399,0.74857353456312,0.007247145161071733,0.24280138566333218,0.0005627323904525915
7a4dbd50,0.017301461329585387,0.08126189042385562,0.24644538947726438,0.6516955061330266,0.003295752636268343
7a4da432,0.04107229506807472,0.2269090621485385,0.040628833765067505,0.6907419847906328,0.000647824227686549
7a488998,0.02816083878186777,0.03780561301600778,0.14060248698403255,0.7845649423671344,0.008866118850957325
7a4a46e8,0.0004677959155557509,0.3709311100521809,0.018277479425191836,0.6095902699982445,0.0007333446088273379
7a50228e,0.0033672553046572616,0.9850564354127245,0.0009356380802281812,0.010282302229945866,0.00035836897244401986
7a4d05ae,0.004076312104900626,0.702097511870975,0.0038140792363987285,0.2892717878245399,0.0007403089631857079
7a483d8a,0.00042468320944690993,0.953975596813554,0.0031381488320969156,0.041561447417187716,0.0009001237277146178
7a50072c,0.0011554544790209574,0.32437154350949776,0.0070141468064135485,0.6673269281318798,0.0001319270731877879
7a4ebc82,0.027928944938708056,0.8307669984426261,0.009849909180653546,0.13073816713488168,0.0007159803031306563
7a4e8cee,0.021389177243266673,0.420012087748166,0.013400593530411587,0.544005198130011,0.001192943348144692
7a4af71e,0.00951746485257621,0.9482025167343954,0.000894286428061982,0.040062839893239235,0.0013228920917273059
7a4d3b5a,0.0031135846279581234,0.08494757649527937,0.017797116872360973,0.8937629847716575,0.0003787372327439867
7a4eb71e,0.0008201237043554268,0.14467926442653253,0.00714958343334378,0.8437197662165852,0.0036312622191829306
7a4eba0c,0.0014520947794283555,0.18168095540316037,0.0033302827792405947,0.8127629762155445,0.000773690822626218
7a4b88b4,0.022120526955857738,0.23505287843590317,0.13056150796992058,0.6030605807803903,0.00920450585792807
7a492d12,0.0028695791332584496,0.08430296472986379,0.05774789420954341,0.8511039628902719,0.003975599037062501
7a49ef72,0.009649904419107645,0.647061227949093,0.007814696411084739,0.3176522971618209,0.01782187405889349
7a4fafe8,0.06932987204755896,0.7209289228478996,0.01124888217835092,0.1973774581520998,0.0011148647740910503
7a471e96,0.004344930322379784,0.8874440447458871,0.0057175452555541925,0.10153512135947644,0.0009583583167021997
7a479c5e,0.0008873788565454704,0.9585406100405015,0.005179335057903841,0.033665836198940584,0.0017268398461088121
7a4efe86,0.054758383670565645,0.7189253787453486,0.00870503859548641,0.21447268706392617,0.0031385119246729286
7a500240,0.00015094902026662575,0.9828484488991993,0.0001954742786619026,0.016592072670779532,0.00021305513109261568
7a4bd2d8,0.0020251574452623236,0.7826998572619672,0.020823613879511902,0.1920768793724531,0.0023744920408054495
7a4a5304,0.009676949282158922,0.6129667001681852,0.013208954818677229,0.3629753437405342,0.0011720519904445737
7a4f08ea,0.0012018467009560741,0.8240052039089951,0.020556496747202373,0.14714016292205018,0.0070962897207961645
7a4bcc48,0.0066260147284082785,0.9397506510398508,0.003606368652450098,0.049921987415588634,9.497816370202878e-05
7a4f6556,0.0021280769000188797,0.9598629256411255,0.004329021334069792,0.03340826366189597,0.00027171246288969827
7a490df0,0.003435154077443968,0.982095873138086,0.0003651609438084513,0.013641950058422713,0.0004618617822389666
7a4c425e,0.005097377494208014,0.6502994464695754,0.008863836582520296,0.3339985634663414,0.001740775987355485
7a466f00,0.0032440462626450515,0.6692830734559666,0.010504953276349179,0.24112609707191526,0.07584182993312372
7a464f5c,0.001717073458009695,0.3477742864255486,0.00814985553547329,0.6407082079138194,0.0016505766671493305
7a4d923a,0.0018958692020961075,0.49399106092470296,0.017539207860634527,0.4848810914488199,0.0016927705637464858
7a4ab2a4,0.006742795109785407,0.05484382605337818,0.08176834017208585,0.8562727237564087,0.0003723149083421663
7a51ba40,0.012726666916874865,0.38740571771692545,0.0042151427896118835,0.5945213544576,0.0011311181189879772
7a4cae6a,0.025877734703299994,0.07626063417014285,0.051540374921655537,0.8287496209460059,0.017571635258896164
7a4c53e8,0.0008034452912324494,0.8832780766441901,0.007488127595420391,0.1083071810595026,0.00012316940965415667
7a484d70,0.005077464299808605,0.9520178754719949,0.002197426043135231,0.034553966183359534,0.006153268001701825
7a4dbb2a,0.03884573457996219,0.6047645783262355,0.007016370156154566,0.34888364862114896,0.0004896683164990446
7a495a8a,0.005039285405229725,0.8339109741855638,0.002734390593563635,0.15764108980336877,0.0006742600122740397
7a4bd684,8.705361685935516e-05,0.985778777738663,0.0005528241535697484,0.012787485391054251,0.0007938590998537434
7a4d8c86,0.0009269092085893055,0.792695155948662,0.00727125542333382,0.19859931396400904,0.0005073654554058989
7a49bdd6,0.01306652448514804,0.8687351761120278,0.020235459375513985,0.09393962170298853,0.004023218324321984
7a489e42,0.004461140509564733,0.969382842835135,0.002306811174748423,0.02327096106911716,0.0005782444114351247
7a4c4e84,0.029609575795221322,0.7953699920822198,0.009782153779873074,0.16479351061749906,0.0004447677251865231
7a4a80cc,0.0012493098385149494,0.014966997877119326,0.026635582238896293,0.9562293049919354,0.0009188050535342876
7a484c9e,0.003146103054831529,0.6236891669227405,0.024313682664844266,0.3465730284882566,0.0022780188693271833
7a4e0634,0.044170896306524696,0.23680003440196565,0.03503005551760635,0.6789336648032108,0.0050653489706923
7a4fb3f8,0.0016420443811885949,0.6223581811047767,0.004425182766266732,0.3715383583689875,3.623337878066497e-05
7a50f3d0,0.005749049777552145,0.3622541214685586,0.012797268230961322,0.6116965144814873,0.007503046041440512
7a4ac596,0.0966013842886127,0.03360288202180491,0.5138599629633832,0.3371846255638822,0.018751145162317014
7a4c21b6,0.005745394119564466,0.8523020137397782,0.008055498502234906,0.13325819900954677,0.000638894628875676
7a4d504a,0.001183359458396562,0.9076533671168239,0.002647561374260493,0.0881105456564397,0.0004051663940793081
7a4b6b54,0.008464003170756625,0.8500648234897529,0.011625831363194089,0.12902523431726604,0.0008201076590305403
7a4fa3a4,0.00034314581392321485,0.8803472425854776,0.0022006198871575284,0.11703574316414876,7.324854929279921e-05
7a504872,0.027553026601753076,0.8784593823920446,0.01709420686063714,0.07612469378720363,0.0007686903583616306
7a46510a,0.0077301739979629336,0.6741141439958956,0.04869778079515297,0.2673560517520656,0.0021018494589228743
7a49edce,0.017413388181897305,0.4429129106415252,0.003898067173810541,0.5320830212843402,0.00369261271842707
7a4bb0be,0.0013619954161604056,0.9086488821358177,0.013376957719066433,0.07519012797819599,0.0014220367507592423
7a4900f8,0.0027005391918734894,0.2541492471529916,0.015987046072879197,0.7092843131124388,0.017878854469817396
7a483038,0.001067705727413317,0.044481387231443195,0.0305233429823996,0.9232899084235855,0.0006376556351588201
7a498d16,0.000529712652130732,0.5696271381417033,0.003977942202466572,0.42530402736670225,0.0005611796369974506
7a50c612,0.0008079543961096966,0.36661553881714487,0.007820013090313436,0.6240876248337976,0.0006688688626343078
7a4bbd84,0.006058157695288515,0.08212002175439123,0.010832995629153571,0.8986195303471395,0.00236929457402723
7a4956d4,0.030554703501515675,0.4985255233231214,0.027209912380595367,0.4410850211600956,0.00262483963467192
7a500e70,0.9952961264541876,0.002588315878385595,0.0003997233821408584,0.0005839503035082786,0.0011318839817778458
7a4e3d0c,0.0024510768142140212,0.8765895104964115,0.0019102622717270844,0.11848827230118358,0.000560878116463804
7a4c731e,0.00029140013016004294,0.972882254283657,0.0015428399690421753,0.02460993835326338,0.0006735672638774055
7a4663d4,0.006828712650327789,0.7144202823052629,0.016305259246754675,0.2609278500659844,0.0015178957316703274
7a50a65a,0.0005852587275381949,0.0191866431156554,0.017223024972794435,0.9612225189408715,0.0017825542431401083
7a506e4c,0.001773290660059376,0.27147898686267324,0.019836760584335558,0.7058295970233746,0.0010813648695570856
7a482a66,0.0021405857161239826,0.7700936782536577,0.0031139337257921965,0.22429160398096198,0.00036019832346405095
7a4b4796,0.0017646924083246308,0.19235302332256266,0.029122993947574508,0.7760813529577952,0.0006779373637431453
7a4aa228,0.00038457899608697425,0.9690900510418334,0.0005522531619934531,0.029827552051652752,0.00014556474843343439
7a50612c,0.03434691111295174,0.5603422949291119,0.011128688640383747,0.3431258979798868,0.0510562073376655
7a4b7b58,0.0007545210260343003,0.10383267109046998,0.021833827952695697,0.8729212784433525,0.0006577014874477813
7a4f24ba,0.0016750361265432435,0.06023999041688598,0.013628382894765322,0.9229325449173309,0.0015240456444746877
7a4b9638,0.0016914958282848059,0.6691916632045211,0.0022372753572138084,0.32678300950764916,9.655610233104835e-05
7a48892a,0.014212422257665554,0.6915294192391752,0.007289117111652675,0.28671933725000137,0.0002497041415050839
7a4fde28,0.0037047150323488483,0.09303215421562175,0.020378428087185305,0.8807110494532896,0.0021736532115545926
7a4946da,0.0328794847057244,0.4175650897397895,0.015943440988531007,0.5331127859117489,0.0004991986542063338
7a4c2abc,0.9079682958378464,0.013635716332832008,0.031054375017032176,0.046886378264706555,0.00045523454758290496
7a5082f6,0.009476491816517935,0.869983325400985,0.004380351598826325,0.11586821957069388,0.0002916116129767425
7a4d27b4,0.019448817723695454,0.11090971124590455,0.03455669111575262,0.8345706334738328,0.000514146440814719
7a4864c2,0.007899057169020278,0.22675221802420417,0.018129293938167073,0.7455113761551857,0.0017080547134226511
7a4add92,0.007476310931769692,0.10146280479491365,0.015158285929314782,0.8714615744866809,0.004441023857320895
7a4d7890,0.00037204055563277066,0.3905114269604985,0.0050344976693743,0.6038845385230371,0.00019749629145719317
7a45172c,0.046926301084086526,0.6326983488010729,0.00736495436347146,0.27174107121792557,0.041269324533443744
7a490a9e,0.004931649575784617,0.17063734784700124,0.0192655944517214,0.8024351872728945,0.0027302208525984448
7a45e95e,0.0058597355000954724,0.11805538038205236,0.06715371144669968,0.8036521683960586,0.005279004275093946
7a459314,0.0023462976111447726,0.23932818380366166,0.05814669127462343,0.6992208308989897,0.0009579964115801828
7a4f9170,0.00033894984906216217,0.8978522574379075,0.0005170791136424582,0.10088484372592599,0.00040686987346172046
7a4ad428,0.003789315055024374,0.9143667416600966,0.0033215904395267623,0.07748614137036743,0.0010362114749846855
7a4f9440,0.003525733673445745,0.9047061383465186,0.017406840819057506,0.07261163057608076,0.0017496565848973812
