id,concrete_cement,healthy_metal,incomplete,irregular_metal,other
7a4d630a,1.6493746312524472e-06,0.9981785912230089,4.549974177331313e-05,0.001576896985590987,0.00019736267499573687
7a4bbbd6,0.0013911622055596093,0.9248795157086122,0.000598841032616866,0.07253657047509922,0.0005939105781118953
7a4ac744,0.01229362425891469,0.5464615356815401,0.004336479790790745,0.43631556181168113,0.0005927984570733858
7a4881fa,0.007484986186122214,0.21416905305999429,0.03528208824148468,0.7411833080850518,0.0018805644273468718
7a4aa4a8,0.0007803601193175993,0.800198955933255,0.0020934707736968354,0.19646377258111217,0.0004634405926183526
7a514434,0.0002775586732403483,0.5708960383012854,0.004444945945002722,0.423799691572068,0.0005817655084035546
7a485f72,0.0009323490711413447,0.9500722089168181,0.00011744377054068373,0.04867180445375112,0.00020619378774891438
7a4b8d32,0.0028333213235381184,0.8315168883163997,0.0006823583427010741,0.16438259825567886,0.0005848337616822748
7a47eb3c,3.7604460710504924e-05,0.0036951264208070307,0.0045235712677726475,0.9915856375893936,0.00015806026131631344
7a4be3ae,0.0081466105421871,0.15842177772557986,0.0023285313667400793,0.8173793461522982,0.013723734213194715
7a46a330,0.0071956146091634605,0.21640908806239342,0.0056285736947186355,0.7672647369645049,0.003501986669219864
7a481620,0.009351675264332625,0.4709200375773852,0.014689143698611932,0.5025339325310668,0.002505210928603249
7a49c678,0.017995045785906466,0.47247500941558923,0.007989447164874817,0.5005715340069837,0.0009689636266457351
7a4ea044,0.040170901755185374,0.43640066297576297,0.0076108306587987,0.4937273022551882,0.022090302355064883
7a47aa1e,0.0012027446028297511,0.9409724263799506,0.00039211504330274286,0.057371196810576154,6.151716334103868e-05
7a51aa1e,0.0015834503170166123,0.528464763174679,0.012738740039755095,0.45678766331976883,0.00042538314878043517
7a498be0,0.0026432509107047718,0.35759563452867527,0.007369827645047216,0.6305998892315604,0.001791397684012452
7a4a2848,0.01189528736454521,0.8497511391685959,0.001643976950998489,0.13657136205765452,0.00013823445820572268
7a4c4cd6,0.04991488990817552,0.45334363502412545,0.013729172247999912,0.4828253489687531,0.000186953850945956
7a465038,0.22241889439277332,0.4432970811693524,0.020346940452866842,0.31124532786983333,0.0026917561151741398
7a4e94aa,0.1671007714242697,0.009623413652524362,0.6397102046816318,0.1817958160253852,0.00176979421618892
7a49f62a,0.005025290974788114,0.04500135942728617,0.12962455431994632,0.8202126221343009,0.0001361731436784966
7a45b6f0,0.001853219099690525,0.9029785122549203,0.0258611890797103,0.06733917266647789,0.001967906899201105
7a50bb90,0.0009482586529015642,0.993934348587325,0.00023887196674670465,0.003900323143285867,0.0009781976497408211
7a4d38e4,0.0003660140537361035,0.8425055280821846,0.0025699224385679438,0.15425348167575972,0.0003050537497515401
7a48a3a6,0.0017850110652703627,0.06454565429294812,0.00887790228451709,0.896438919732158,0.02835251262510617
7a4ebe9e,0.001797907961772787,0.03963395595147799,0.01608187501004676,0.9423448333480049,0.0001414277286976542
7a48352e,0.0018980620427244796,0.5308893213982439,0.002480272670730957,0.4643326531157924,0.00039969077250838524
7a4bfaec,0.004454998665898807,0.97821470611261,0.0007574488371622589,0.01560722333062204,0.000965623053707009
7a51e060,0.002043529800391994,0.8813456591101736,0.006866473102156948,0.10745639558243844,0.002287942404839066
7a4c0f5a,0.003821664352839763,0.9742659514571054,0.0008224327547460449,0.020474746890694673,0.0006152045446139865
7a4b9976,0.9591884815343636,0.017653565659041113,0.014628613487776226,0.008366959407464307,0.00016237991135506654
7a4b27d4,0.6481431765238092,0.01906849503932908,0.3211545010117429,0.011542088146322545,9.173927879617206e-05
7a51c698,0.912071158376154,0.0439835155364111,0.024739934618915955,0.014262536412632518,0.004942855055885973
7a474bb4,0.012563330171056234,0.4703792825892312,0.010426832887965375,0.5056057177324441,0.0010248366193029853
7a480054,0.06934435875044055,0.0631601041640055,0.19675492595772553,0.6676413256962981,0.003099285431530168
7a4a4044,0.0042886693924123415,0.6703021816135142,0.005863125983816074,0.31929441685572574,0.00025160615453177353
7a4c35ca,0.0003812856789915934,0.7985948303336857,0.0004029122527886378,0.2001012234204595,0.0005197483140743242
7a4d3fd8,0.0031657915339978783,0.7733746531790368,0.0026886384329537047,0.20350391654244745,0.01726700031156439
7a4c1a68,1.7372909770905508e-05,0.9940653508829214,0.00011189070350496342,0.005745507155262269,5.98783485406208e-05
7a4eb1c4,0.0008884643352281436,0.9898859124888894,0.00029163994102947597,0.008867387631013003,6.65956038401805e-05
7a4a51ce,0.008503551939482977,0.6132848947811834,0.004020405870191664,0.37233193839669576,0.0018592090124462982
7a4a14fc,0.00422665603001874,0.845680012195527,0.0015057738624135134,0.14834491794215443,0.00024263996988654638
7a5015d2,0.0001877901312144555,0.9804012222550232,0.00025901853190175877,0.019119388449225803,3.258063263491952e-05
7a4ba95c,0.00571684737302468,0.894341065442866,0.0006047760988474041,0.09908542530391515,0.00025188578134634584
7a5101ae,6.739524682287551e-05,0.9888791447741503,0.00010626833409547205,0.010911641630015446,3.55500149158699e-05
7a4d0a22,0.0018403820389567226,0.9181202259485506,0.0009897706002880125,0.07857638487686895,0.0004732365353360219
7a5134ee,0.0009241156645567145,0.779713166171437,0.00046604655919066357,0.21833811538749784,0.0005585562173179471
7a4a85c2,0.027187362851882196,0.28152268801690417,0.006510452716046024,0.6794847391999234,0.005294757215244662
7a514b14,0.012447692274132874,0.21482536389063486,0.011192086643688766,0.7604431611202044,0.0010916960713388388
7a4d0a90,0.055245232881691156,0.1507822677540462,0.175112852605075,0.6151758825172494,0.0036837642419386375
7a485fd6,0.014946228689415544,0.46611708439381316,0.01400022450234284,0.5013982618563085,0.003538200558120155
7a4f668c,0.001763657032796244,0.7819750957730915,0.0006774736325661526,0.20879771970183522,0.006786053859710794
7a44e752,0.0013867532729310995,0.0750277741286786,0.02664735352436084,0.8963356898460471,0.0006024292279823519
7a5162d4,0.0035550345799643585,0.042265461999431125,0.002055335559912347,0.9412639752586528,0.0108601926020392
7a465894,0.007925150867994543,0.5926243059229106,0.001272971402074431,0.38738995719165586,0.010787614615364597
7a4c9a10,0.005357378085432952,0.9825751721511665,0.0003192977788507794,0.010501521272936692,0.00124663071161332
7a485810,0.0005777479691055265,0.9871076207414521,0.0007686177084186544,0.011091305622006083,0.00045470795901747974
7a4a9788,0.005215054221383014,0.9879625817538731,0.0006829927653169954,0.003097903548688829,0.0030414677107382664
7a503198,0.001274792327533296,0.9712073453855867,0.0009591946440223566,0.02577311481207244,0.0007855528307850123
7a4e206a,0.01285611894777545,0.976425722214918,0.000721890442650129,0.009372711855573422,0.0006235565390832743
7a4c15ea,0.031616853979877214,0.8526037332494869,0.005950184221261321,0.10858644748807708,0.001242781061297106
7a4f8536,0.01356411326489396,0.4201371752887028,0.008308468773354106,0.5414777792058322,0.016512463467216663
7a513df4,0.007906793283285174,0.18377984653308113,0.02237957713239545,0.7837670394318,0.0021667436194379845
7a4d7624,0.004854154477272908,0.05170967658464917,0.05000218292055309,0.8752974830883511,0.01813650292917344
7a4c9e8e,0.0003321830275656084,0.00845581009106776,0.018898401046044202,0.9713848056139045,0.0009288002214179868
7a4b2554,0.006420607137849877,0.29893565271133204,0.031219986129320112,0.6353899385241659,0.028033815497332002
7a502b12,0.010367806609616342,0.4422057125466195,0.019837496855052372,0.5089983912832059,0.01859059270550577
7a4c32e6,0.5762302816416874,0.005258199883391813,0.33593583166534235,0.08206148276368333,0.0005142040458947814
7a4a8a2c,0.9779394675726174,0.005879558960317013,0.01142847242958915,0.0046427700095641265,0.00010973102791245715
7a467b76,0.004864158801874161,0.05577690451743515,0.014375750207948592,0.9249024769643562,8.070950838606322e-05
7a51b554,0.009005623658107318,0.895323068207675,0.01172456688076027,0.08375479527648105,0.00019194597697652426
7a4622e8,0.0016172895925824426,0.11565832594751156,0.005593031594470142,0.8765755960639663,0.000555756801469351
7a4a599e,0.001069110570561278,0.6557487250854076,0.0015286164945732086,0.34078112626220175,0.0008724215872559876
7a4d17c4,0.03487004159207109,0.3117639692845323,0.034872271296533544,0.617542114247787,0.0009516035790764261
7a4fb740,0.018343163473097557,0.8005089671723604,0.007835626961756473,0.17192735686613006,0.001384885526655462
7a4ceed4,0.0035472783682794153,0.9808574083626478,0.00040541707751102135,0.014672647983687595,0.0005172482078742868
7a45d1a8,0.0034536146186145106,0.455245910305167,0.005108305721770457,0.5332913045172067,0.002900864837241283
7a4ef33c,0.0003662137582647943,0.06359340618444659,0.00442146523908195,0.9314316849756846,0.00018722984252216208
7a4ec808,0.0027227919687628386,0.01632421248489487,0.046161238661722385,0.9345518812802209,0.00023987560439874315
7a4eb8d6,0.0033573403919311398,0.7623115755123129,0.003292835044449144,0.2309111207717791,0.0001271282795278126
7a4f39d2,0.3598838941237678,0.0312158344045685,0.19183237577306847,0.41607156417381397,0.000996331524781375
7a47a140,0.00040245607025557223,0.028278115658493457,0.002316609840165919,0.9689485425945175,5.4275836567464226e-05
7a4ec79a,0.004502905555403515,0.02675690699813977,0.04332920159591178,0.9233653800087326,0.0020456058418122157
7a4be75a,0.1584891600348825,0.06447404901183788,0.08688896762603204,0.6857346255165416,0.004413197810705876
7a515d20,0.01173031792607375,0.3098082663812852,0.004281346597550783,0.6739606847511219,0.00021938434396854615
7a4e6048,0.9861037398275287,0.007489027489271199,0.0026241854271169505,0.0022929758314198284,0.0014900714246631648
7a4b4ade,0.028498402239765453,0.05094504057298394,0.2400480264863652,0.680028311300939,0.0004802193999465324
7a4e6250,0.005219475081135616,0.020280300772930627,0.09690916297725008,0.8727270856712098,0.004863975497473806
7a4848f2,0.002829407966702369,0.02834421175739327,0.021896278678634584,0.9455747619667522,0.0013553396305174938
7a4fe30a,0.001332259946711805,0.06396848224697757,0.04507336874678576,0.889242239859686,0.00038364919983884405
7a5098e0,0.7596149572360035,0.12111872765798905,0.042921178668889594,0.07579982959422436,0.0005453068428934128
7a4c4f60,0.5812985385709674,0.059152872414368916,0.276115385457473,0.07363081783962859,0.009802385717562348
7a469bb0,0.0007467404018971753,0.035229007901491104,0.008601600041035579,0.9545714198332473,0.0008512318223284818
7a50b06e,0.008836518885840923,0.030655845394955236,0.09845954232758855,0.8618234272943042,0.00022466609731072994
7a4e0e68,0.011266706115177636,0.9440949439717028,0.0006517496024364252,0.041947482103804196,0.002039118206878851
7a496e3a,0.042218954865430244,0.8128906912790889,0.035711951514248566,0.08115132968116724,0.028027072660065277
7a49ff30,0.0030201987539822395,0.8714686029675341,0.009671722782776362,0.10914878871124585,0.006690686784461876
7a4c2b84,0.0006927493323777297,0.9147309658485209,0.001056369252638967,0.08338708170542287,0.00013283386103922072
7a4533a6,0.04062975309390808,0.14771508061975389,0.28054620166169686,0.5247287938414623,0.006380170783179087
7a48103a,0.25220629084524604,0.02822720082162078,0.6289776625636714,0.0900035282886739,0.0005853174807877237
7a4878d6,0.01238904713658268,0.004742320297575767,0.8893197057488268,0.09337956419046468,0.0001693626265501213
7a455d2c,0.0177566078487215,0.2780036142374257,0.023775405711619974,0.6793796733152175,0.0010846988870154234
7a49913a,0.0003458117613536768,0.9116234884740481,0.004740281396559586,0.08261570827762779,0.0006747100904108947
7a4598f0,2.2558648917488368e-05,0.9918850945948556,0.0008054683571771545,0.006904590252106313,0.0003822881469433931
7a500c04,0.0007095837660914209,0.8868583412000121,0.0015948227298987088,0.11026757984349184,0.000569672460505966
7a481332,0.0020475275719135802,0.993999079398063,0.00020592634693552997,0.0022732665270857686,0.0014742001560025537
7a48366e,0.006019967505091271,0.1630006862658023,0.01627800533518524,0.8135759442230506,0.001125396670870447
7a500042,0.9917402983706194,0.0028452888917799755,0.004238599257487628,0.001110352867855168,6.546061225795533e-05
7a4b859e,0.003130483546496316,0.034022070719195864,0.2517724045201771,0.710822061797943,0.00025297941618752993
7a4f46fc,0.03471293089073875,0.4513920963786316,0.032399920043356706,0.4810194142706779,0.00047563841659521613
7a4cad98,0.020813869704437687,0.06879911377094775,0.0798563734352284,0.8301414361778205,0.00038920691156570444
7a47a604,0.0011925825687879252,0.43902514694065586,0.015019579669282841,0.5443144081299262,0.00044828269134718023
7a48cebc,0.016939042328867185,0.5514864159354818,0.04097089377023396,0.38840996153924556,0.0021936864261719305
7a4c9178,0.015263293642528614,0.04978135716347796,0.14571989647521233,0.7884961748209641,0.0007392778978168388
7a46ba28,0.01892775530776621,0.301869056537287,0.15221790363333354,0.5186475579608927,0.008337726560720597
7a49888e,0.21340635316331852,0.27492330668960746,0.09703721354850274,0.3825708081128448,0.032062318485726715
7a4773fa,0.005004053571871757,0.6803197616819875,0.007772239501569702,0.3064437037843151,0.0004602414602555215
7a4c1720,0.022253294741974745,0.2026052952770316,0.02443444565269096,0.7504675661002118,0.00023939822809089035
7a4c11c6,0.00020469381535028917,0.20798897415800538,0.0013064411039250508,0.7904387629447405,6.112797797870564e-05
7a493f6e,0.0017016883636149927,0.1160037729384408,0.009555712112509013,0.872101303984953,0.0006375226004822469
7a50a93e,0.023666877242937843,0.5134594734672816,0.019600568431670868,0.4396548972757507,0.003618183582359257
7a497eac,0.00019713524784790664,0.11242997524593494,0.003627533508368923,0.8832128018650771,0.0005325541327712148
7a4bdc4c,0.0020424536446988716,0.14424762726324813,0.026788904968814573,0.826508755984185,0.0004122581390533925
7a46b820,0.0091929798379019,0.8151460336246734,0.011498594976437043,0.16229220371583206,0.0018701878451554688
7a4b200e,0.0061417985744438965,0.7669302911024681,0.01638325956606201,0.20921906944641275,0.0013255813106133356
7a4b24f0,0.31866028088547405,0.18813049265225995,0.17322014315159212,0.3127574498665263,0.007231633444147605
7a5159d8,0.04705354340853276,0.688412442410028,0.023368214083770884,0.23424826803268417,0.0069175320649847065
7a4ddda8,0.0008198056823735953,0.9937014861926677,0.0005449752185685885,0.0048562559917461525,7.747691464403899e-05
7a4556e2,0.0007703961359024619,0.8705323738198819,0.006238468317116089,0.12167163252396516,0.0007871292031344284
7a483952,0.005047670107907078,0.6545675927207467,0.01308550403879718,0.32680366984510023,0.0004955632874491212
7a48624c,0.004057711840241656,0.6941291497290207,0.030547854681160152,0.27050457336203754,0.0007607103875400168
7a48255c,0.041436062453994296,0.3862430854627858,0.03755806152812413,0.5338067479931483,0.0009560425619472047
7a4bad76,0.008063566532738905,0.47266356545184224,0.059563242097501516,0.45828990837709577,0.0014197175408215917
7a46a95c,0.015615328475899476,0.057193821328315006,0.023595107886065628,0.9035033619751351,9.238033458464387e-05
7a4e0224,0.004164128726013705,0.3477590232051207,0.012141095638470533,0.6356764070776284,0.00025934535276646027
7a48b102,0.14989287845725824,0.2330180312344451,0.01723528734762764,0.5987627097813639,0.0010910931793048375
7a49e298,0.0007411925546816013,0.12416857867868088,0.007022558925258092,0.8636732225026621,0.004394447338717142
7a4f5ca0,0.003416027680342138,0.4255500848320018,0.014651452879304862,0.5546491904657992,0.0017332441425523164
7a4bf4ca,0.004635549491558925,0.13387345970929893,0.00829338958561039,0.8520363378770645,0.0011612633364675648
7a4f69d4,0.00981632193287294,0.5406623017589368,0.02396934135432178,0.41986368107426314,0.005688353879605426
7a4c7d5a,0.001095686176502167,0.9837926300208709,7.495200850399301e-05,0.014672291777955744,0.00036444001616729705
7a4f0746,0.005585731700745146,0.17198934388064552,0.009631807397169581,0.8100032170917905,0.002789899929649365
7a4fe4a4,0.007627317760805112,0.18212565638301634,0.044601570311099153,0.7565299114951349,0.009115544049944645
7a4f1e52,0.028546833457285675,0.38352981269611497,0.007772198250427013,0.5793522145124126,0.0007989410837596426
7a4664a6,0.019178965436211514,0.8933105389109122,0.0036028317221672274,0.05966827159654394,0.024239392334164864
7a50b1a4,0.00038391812849514656,0.22190091984440732,0.005471221241325215,0.7721759374678252,6.800331794729472e-05
7a4fd482,0.0060057898576656565,0.22073931269963698,0.007781950164838899,0.7651215694944618,0.0003513777833966779
7a51210c,0.005841719328637473,0.2701313546275011,0.05541400943159096,0.6654949171057657,0.003117999506504786
7a505b82,0.007510924254227079,0.14703944623620502,0.32778220942546343,0.5116515420858684,0.006015877998235885
7a4b7fea,0.11796697101851873,0.11919231837516037,0.3003096169902314,0.45070738971137503,0.011823703904714641
7a4f4c4c,0.04569176564440355,0.9007047365216678,0.0054010762750653805,0.022331726217296583,0.02587069534156649
7a4b2edc,0.4419675912702653,0.04802120375301259,0.3732266850530506,0.13488521023467986,0.0018993096889916305
7a461dac,0.00038356191890448634,0.34666795817248724,0.006935375502376451,0.645682876659082,0.00033022774714979466
7a4ca23a,0.012371668483716366,0.97907253475864,0.000832204991754604,0.007053067240466979,0.0006705245254219433
7a49281c,0.002798167451239322,0.9818743522823543,0.00036822309735532437,0.01458068372321777,0.0003785734458333404
7a4dfe6e,0.005546384052198688,0.5191295328662252,0.04688998465614927,0.42430882378538265,0.004125274640044445
7a4b8256,0.0003411413614519676,0.02968461420986149,0.02052426220278042,0.9493284010454658,0.00012158118044021904
7a511c70,0.00037472021795673273,0.8040028012404263,0.0035427617827340167,0.1918942871345689,0.00018542962431400162
7a4e0288,0.9634855351597709,0.017156074900110677,0.007286205389043018,0.006584268721836928,0.005487915829238164
7a48672e,0.0008862722511821804,0.8707152728925641,0.002491330625595661,0.1250523847225987,0.0008547395080593763
7a467cb6,0.013520229703614649,0.22513028510505723,0.015418083968342227,0.74380024286138,0.002131158361605975
7a51da2a,0.0020780394216522165,0.9338678363367577,0.0015787788832713938,0.03984747471833261,0.02262787063998593
7a4c2f3a,0.004073618011755699,0.9445736292829373,0.002152773405079692,0.04586121533010655,0.0033387639701204907
7a514a4c,0.0004032806671401702,0.9683655914626589,0.0006608763201451151,0.030455779491692286,0.00011447205836358999
7a4e725e,0.00010599960141466895,0.9834763055888771,0.00047016455026527087,0.014863108087830052,0.0010844221716127128
7a465d9e,0.0009089870645962744,0.9810387838992501,0.0007504537656945363,0.017002723566152362,0.0002990517043065046
7a4b33b4,0.001045363481907776,0.03203196328084924,0.0068809474540026325,0.9596072554508154,0.0004344703324245503
7a5094da,0.0004171178212423034,0.045283797742875415,0.0066819279457301095,0.9459374677004174,0.0016796887897346734
7a473840,0.0002405080614635409,0.008750172378637162,0.014675927610488753,0.9756161244650157,0.0007172674843951009
7a50711c,0.000745641261440324,0.14580049870942766,0.0093670213045445,0.842441183140715,0.0016456555838724898
7a4856d0,0.0004881618969462368,0.03320731344391609,0.007472276034328856,0.9567833275184049,0.0020489211064040015
7a4f2f3c,0.06107403630040474,0.05737663618675411,0.019014202729176883,0.8607239667370534,0.001811158046610952
7a50d792,0.0012254345314652673,0.3916398406922745,0.004614172901386412,0.6023874407975508,0.00013311107732305605
7a4d71ba,0.9891520146306816,0.0019156716312505348,0.005887145607112095,0.002738059251171875,0.00030710887978407675
7a49a9a4,0.0020625552137755994,0.9314934359764423,0.0003793214526269757,0.054131289433304045,0.011933397923851185
7a45043a,0.003348711431230412,0.9885141699559115,0.0007361887830251383,0.0066746350629318,0.000726294766900854
7a4a4b16,0.0009799024519321507,0.7487833733577847,0.005077907903492998,0.2440900122915047,0.0010688039952852742
7a4e9374,0.010117817595459197,0.8088643675255158,0.043686236847536156,0.13696805182189667,0.00036352620959229315
7a4a2e38,0.0016324681857666206,0.9923507515540289,0.000232764152676132,0.005359342333906126,0.00042467377362216186
7a48324a,0.02619950644070397,0.8076646132827928,0.013707309713255657,0.1032730938560899,0.04915547670715756
7a4754b0,0.002055162061318304,0.4109348703843459,0.048134790823920824,0.53796998158137,0.0009051951490450325
7a477288,0.0022893450784665452,0.8097401575101382,0.009873310479025944,0.17731306555333945,0.0007841213790298777
7a503bca,0.07607425632905285,0.018216561709388745,0.6808974666100316,0.214161851769593,0.010649863581933849
7a4be48a,0.0469452693093379,0.011186834908567042,0.5919855974971191,0.34727715939445203,0.00260513889052387
7a50de7c,0.005897302513673801,0.9854748508189789,6.909043825210934e-05,0.006902497686478957,0.001656258542616504
7a48453c,0.001714221798568449,0.9882761016668146,0.00018082548458829342,0.009019395885955673,0.0008094551640732439
7a48a7c0,0.0008169152571479241,0.9792768316259983,0.0004309227067441292,0.014428056610343668,0.005047273799766046
7a4786a6,0.0142134173239977,0.05592609801765928,0.2595028517826751,0.6697030834658293,0.0006545494098385742
7a4dd4f2,0.019159913913400276,0.5856855837286017,0.010797866666271529,0.26616338235408976,0.11819325333763672
7a476694,0.9963821047215027,0.0006421950839509488,0.0022334336053328754,0.00041197288449676064,0.00033029370471682505
7a46ed36,0.0020004393399970584,0.21847064478077957,0.015399593914252612,0.7639769533298152,0.0001523686351556445
7a4e8a14,0.0306859676327831,0.10003911925903883,0.31447014644394367,0.5529778233477968,0.001826943316437873
7a45b182,0.07353911158461897,0.10830021287332142,0.01864799974513653,0.7983817807805597,0.0011308950163631864
7a46a9c0,0.0002923460164456099,0.8642115177149631,0.0014746558129008812,0.1334875745175486,0.0005339059381416622
7a4eec70,0.0017379753826192376,0.07720929980757242,0.08077315182388516,0.8393284071004748,0.000951165885448504
7a452172,0.019968494993357736,0.026304677766714298,0.3387375652266622,0.6134495521594462,0.0015397098538197525
7a479588,0.0011287781290009488,0.014888364067277718,0.10297623501985176,0.8808981833640714,0.00010843941979813378
7a4b900c,0.0010390333173070513,0.9501562687424624,0.0002663287814442812,0.047535630962132785,0.001002738196653342
7a4eb2fa,0.00011877734671579345,0.9843310022418333,0.0007822940614793609,0.014652243854098284,0.00011568249587334179
7a4ad00e,0.42090167434085485,0.24085538792449251,0.1320377601548311,0.18225780092253235,0.023947376657288865
7a50a2b8,0.0015464683257618336,0.10765464880053248,0.02108231379956824,0.8672743858433299,0.0024421832308071383
7a4f5890,0.0004942170436040937,0.43706709259092374,0.012337221001135414,0.5496306462805484,0.00047082308378798126
7a4997d4,0.013440882890694622,0.09635762153727186,0.016625523329330184,0.8723644100343168,0.001211562208386617
7a4f9850,0.004891154508252487,0.4057300082267158,0.03699839122240844,0.5516585439448498,0.0007219020977732705
7a4c887c,0.00207918983669247,0.5011396825066484,0.016360338436513695,0.4800910902885792,0.00032969893156621887
7a4b1fa0,0.010703694073798882,0.9749685575522345,0.0002998904325758074,0.013308763529292863,0.0007190944120978776
7a4be066,0.001368487221617278,0.006143474419555224,0.01308496777066683,0.978950663042886,0.0004524075452747274
7a4e4392,0.0012812013607553985,0.7362033401301771,0.00013211746185619574,0.00762146285173181,0.2547618781954796
7a4d7f84,0.004917645124805215,0.9295546486703828,0.005972405460881445,0.05744242552686153,0.002112875217068779
7a48e564,0.0006201906428273882,0.7123662594524786,0.002814046778323689,0.2838368352878305,0.00036266783854012373
7a4e909a,0.009670929160304782,0.5257513374230888,0.03397921237907787,0.4087802516240953,0.02181826941343318
7a50ad3a,0.0008026344504049206,0.3391688996873146,0.009290443210972686,0.6490683340614533,0.001669688589854561
7a4baa2e,0.006094635542507656,0.978749498438548,0.0003976147613803303,0.014671659552560576,8.659170500347992e-05
7a4b970a,0.0016157657094400188,0.9321328116277119,0.000334076437547279,0.06564629660174229,0.00027104962355864833
7a51c558,0.020513986086997442,0.9589341635347004,0.001776992981835973,0.017004513366001447,0.0017703440304651299
7a4e8050,0.005230050913865464,0.9641153190378189,0.00018214521250662876,0.03045556281875895,1.69220170503214e-05
7a4b0c54,3.21364677995979e-05,0.9907419245963092,0.002948927746527083,0.006022368779178989,0.00025464241018494836
7a4e50d0,0.0006187819525822966,0.8288939754225148,0.025073494823011005,0.1427887472072423,0.0026250005946497784
7a466154,0.00232125233229329,0.18260613085353627,0.16964656242822823,0.6447142000063254,0.0007118543796170724
7a503b66,0.001661002252893365,0.9887655083320468,0.0007126266919216485,0.007230339317162417,0.0016305234059757706
7a4d651c,0.0007365152535724141,0.9599657641714248,0.00016435423726491254,0.038567576557154884,0.0005657897805833323
7a51a280,0.000203080643452879,0.012685583936285555,0.008044335173962079,0.9755945393036505,0.0034724609426490197
7a4b502e,0.005354651793701617,0.28388304164099365,0.06408562525826629,0.64568305662789,0.0009936246791483437
7a519bf0,0.008554397416842257,0.6751607556389303,0.03803415878673457,0.27769028186299977,0.0005604062944931097
7a4a4d96,0.39640024917310335,0.07683131521438691,0.4080144277885287,0.1176747684796569,0.0010792393443242747
7a508224,0.974573255559331,0.006608024975871601,0.006700365597630467,0.0024434209779761675,0.009674932889190585
7a4aba6a,0.0030341415397578332,0.01897978418548603,0.07352438923995003,0.9039436319114764,0.000518053123329793
7a4e774a,0.018013176521510507,0.14537984772439833,0.1294955633248046,0.7042701508238963,0.0028412616053904312
7a4fe846,0.005500372175626246,0.03623497114709247,0.1650227309864052,0.792337672906383,0.0009042527844935028
7a45a05c,0.0006918115513805541,0.06698713075305385,0.004216007298094434,0.9264469995808182,0.001658050816652832
7a466e9c,0.006420550444974444,0.9625998198904824,0.000573394209114853,0.02165064915559183,0.008755586299836672
7a51884a,2.749971075401309e-05,0.992600050653659,3.502128425022772e-05,0.007006934693094684,0.00033049365824190066
7a4b509c,0.0010756626766518548,0.9592199995183045,0.002965195402134498,0.03558198615948995,0.001157156243418897
7a457e2e,0.0004910766593500633,0.9861894667367015,0.00013051566003699424,0.012760144641267264,0.0004287963026441373
7a4e9f04,0.0012186490167372913,0.14982789906577432,0.05895603661843525,0.7869051813131993,0.0030922339858541407
7a489b5e,0.19723427097052054,0.3948881813396527,0.05445285251977176,0.3171809634077816,0.03624373176227316
7a4d77be,4.726682140165501e-05,0.9904428852834615,8.51495132459377e-05,0.009395648444432322,2.9049937458494058e-05
7a4b7d6a,0.027546339213676965,0.5356999362694298,0.0349585838285977,0.3987893322931052,0.0030058083951902187
7a46f8f8,0.001444184645068151,0.039851645387465974,0.006151093298441842,0.9524234473800139,0.00012962928901019948
7a51870a,0.00010114883345979004,0.05979637053923714,0.009492338529025013,0.9294681533855822,0.0011419887126957475
7a4e95ea,0.0017731984779139236,0.5578165764426639,0.006286241844370207,0.4331063628683459,0.0010176203667061985
7a517012,0.0024072912415765957,0.7924639460063692,0.002236645669264725,0.20259678834634368,0.0002953287364453644
7a4eba7a,0.9628095870741933,0.006987740019056308,0.02845026538966892,0.001198945185805308,0.0005534623312765755
7a4aed32,0.01182472345224165,0.22999421333485523,0.02894420144748999,0.7282628531783418,0.000974008587071263
7a48e848,0.0031144249521655233,0.9433501200870904,0.000393394008145388,0.05211008642245057,0.001031974530148336
7a51a80c,0.007335224290348701,0.08358954797541032,0.21946299769021016,0.6574093756780903,0.032202854365940156
7a511e8c,0.00282137825152932,0.1459476922792253,0.0010100293522062873,0.8485341778513525,0.0016867222656867023
7a471c84,0.003201554649899634,0.9381940053836596,0.00028766618235012,0.05829604909259747,2.0724691493053474e-05
7a50c46e,0.0003214108157633196,0.9059633456795844,0.00023927082857353113,0.09310333225646213,0.0003726404196164301
7a4fc4a6,0.9400387221057271,0.03647897939691684,0.015447362598449959,0.007917253029561495,0.0001176828693443747
7a4adcc0,0.0008206702927767092,0.013497457407425192,0.06692727348109057,0.918256983067962,0.0004976157507454393
7a4e8d52,0.002054467221079947,0.3843331014363754,0.008545132177727248,0.6037860813248287,0.0012812178399889366
7a4a9b3e,0.0009018193634562576,0.47838225334514123,0.019391786475729526,0.5008769187138565,0.0004472221018163621
7a48532e,0.0069439066079066,0.04993260675745011,0.03639485388315941,0.906267115557537,0.00046151719394697577
7a4fd4e6,0.2575250261177655,0.21497608078383404,0.248380364871639,0.26728781181359174,0.011830716413169854
7a49afc6,0.009550222842695045,0.7418902719891204,0.008855542855121197,0.2365864578135591,0.003117504499504205
7a4e71fa,0.001681544286788423,0.4344363077338951,0.011882761604985404,0.5488026447389098,0.003196741635421376
7a4f1ec0,0.004145162029029095,0.28401845167010853,0.013026768803233559,0.6985424010203735,0.000267216477255218
7a4665dc,0.00026935898756757874,0.9493618296938414,0.00028419734911433307,0.049832721958061064,0.0002518920114156255
7a4aaef8,0.0021812364126197123,0.9066740937245713,0.0028548218770470812,0.08809305323415358,0.0001967947516083235
7a4828ae,0.0005905652309509888,0.3889091588366595,0.015271627159171665,0.5937104452399461,0.0015182035332718669
7a4a3630,0.00022815831259695617,0.7875521917374806,0.0007403126075730004,0.21034001557714754,0.0011393217652018862
7a4cd3cc,0.00015504424129692985,0.676679904237866,0.004006726004610968,0.3190701764115491,8.814910467696962e-05
7a4f0034,0.00027812790472948163,0.9719707735620325,0.0008243423004766685,0.02683352649276301,9.322973999834199e-05
7a4dbd50,0.0015083754595461467,0.031825649491686904,0.2718851147214369,0.6936337090033559,0.0011471513239741035
7a4da432,0.029687778913673725,0.5632729796714867,0.024108744980855645,0.3822638189846596,0.0006666774493241144
7a488998,0.054657227611229396,0.008157520608796723,0.2804183596246535,0.6285012875352808,0.02826560462003989
7a4a46e8,0.0024924084372409646,0.696030625789987,0.017298056159750573,0.2837473641913201,0.00043154542170119927
7a50228e,1.646416253449767e-05,0.9945092244861508,3.382044971861615e-05,0.005185492043070728,0.00025499885852543313
7a4d05ae,0.0013306357369939033,0.8878407932435566,0.003413894605148538,0.10597228013713293,0.0014423962771680716
7a483d8a,0.0012114918044659336,0.8918490816640565,0.011222312451639646,0.09512358211872425,0.0005935319611138502
7a50072c,0.0007515720846450944,0.18256339702072433,0.0013316146645140116,0.8152505775616643,0.00010283866845243257
7a4ebc82,0.005371606387222229,0.9115493361019441,0.002220889750876163,0.08021629263325128,0.0006418751267063225
7a4e8cee,0.018830781270154192,0.5159697190828713,0.0136377358676401,0.4449488372518239,0.006612926527510738
7a4af71e,0.006497846476842861,0.9754573014946393,0.0023899906408561345,0.012761705572175694,0.0028931558154857715
7a4d3b5a,0.002519803489772309,0.10330330109852308,0.07083578424478243,0.8230213444925016,0.00031976667442043294
7a4eb71e,0.00030677168025650326,0.1705407825565522,0.0030620477024245335,0.8256940553346906,0.00039634272607639876
7a4eba0c,0.0004477749862461819,0.35568996081407844,0.01793284525106391,0.6252287818829589,0.0007006370656523167
7a4b88b4,0.006315972469915023,0.12301363831850817,0.033636267364849114,0.8359120199317319,0.001122101914995978
7a492d12,0.07442631355138009,0.11834044816130278,0.06186680125948935,0.743154698023676,0.002211739004152194
7a49ef72,0.013001962155039414,0.5685766115603211,0.010604227942757378,0.18186656408537985,0.22595063425650191
7a4fafe8,0.017300981950999633,0.7138791185190216,0.0016878684996649602,0.26667254475688673,0.00045948627342757827
7a471e96,4.053118141592555e-05,0.9912816477874415,0.00016612823984774342,0.008454979318887916,5.671347240678337e-05
7a479c5e,6.960758693122285e-05,0.9853926945002214,0.0020721155064340737,0.012341602844713848,0.00012397956169957848
7a4efe86,0.0286204977615602,0.7423333759109817,0.006301709523819293,0.2171439606062692,0.00560045619736982
7a500240,0.0006565151114992173,0.9646985091263383,0.00019318189825556138,0.03426466704456059,0.00018712681934643355
7a4bd2d8,0.0013471803698331534,0.9541197234439482,0.010488169162832081,0.03372822642318948,0.00031670060019708176
7a4a5304,0.0011283855310164404,0.5248212950031517,0.0026476181447323255,0.47070905650725264,0.0006936448138469712
7a4f08ea,0.0029251231086404243,0.8243726623511134,0.002777475377543262,0.1633404385012171,0.0065843006614860105
7a4bcc48,0.001059752839508165,0.9481994722649315,0.00020233926626519945,0.05052269637732589,1.573925196917889e-05
7a4f6556,0.002191498578170005,0.9220282287913285,0.0024136761852458746,0.07328854984872327,7.804659653223286e-05
7a490df0,0.004412525498783691,0.9896008754431721,0.00037443406317956074,0.005221212441645292,0.00039095255321940574
7a4c425e,0.0017730604790689199,0.4237215292209205,0.010281747708319359,0.5576875657134772,0.006536096878214428
7a466f00,0.006744564170773435,0.7630844765995304,0.008611654674950472,0.08330067422298794,0.13825863033175792
7a464f5c,0.00046455600976041836,0.7022328937025819,0.0005951772424373258,0.29628363038910527,0.00042374265611524006
7a4d923a,0.0031597054794697474,0.05992946702618163,0.005959076354958763,0.930619672310806,0.0003320788285838021
7a4ab2a4,0.00028739396828477624,0.05096390781754426,0.016691320022482522,0.9318790369077122,0.00017834128397577236
7a51ba40,0.004086360603640445,0.46036983490146877,0.002629566445039286,0.5294388249069325,0.003475413142919038
7a4cae6a,0.028785734151074986,0.028005875339560775,0.07310765651273528,0.8462735238533091,0.02382721014332019
7a4c53e8,0.0005712821723873876,0.9353340262808679,0.0010190503668389957,0.0628184218776007,0.0002572193023049567
7a484d70,0.024151795470816306,0.7596441416757519,0.013302439729364957,0.13655392943814207,0.066347693685925
7a4dbb2a,0.1612163228795303,0.4925423204521069,0.025425541578397947,0.31831148408638044,0.002504331003584299
7a495a8a,0.00970125587748465,0.6090256967174325,0.004442588501369003,0.3728894236772278,0.003941035226486065
7a4bd684,0.0003961105630605769,0.9129637361169615,0.0013375534588389605,0.08523863390765749,6.396595348155059e-05
7a4d8c86,0.0006621312025419972,0.4070309291394468,0.00278076124847382,0.5894122005514169,0.00011397785812043224
7a49bdd6,0.0016654000315454807,0.6348628985174836,0.005061148193410848,0.35740078164341355,0.0010097716141470087
7a489e42,0.0019708421305796786,0.9654422307257519,0.0016278544507679483,0.029674388950157546,0.0012846837427431233
7a4c4e84,0.03456687609188714,0.16837844287653325,0.010793551816306698,0.7853449855630584,0.0009161436522143492
7a4a80cc,0.0010530075454429288,0.029704720649151882,0.01743991640196705,0.9458327044261989,0.005969650977239557
7a484c9e,0.007136145259491448,0.447361812139893,0.017203797937954686,0.5268123195630688,0.00148592509959216
7a4e0634,0.025821787765235502,0.22010212620374872,0.045903809969790224,0.7069711390983142,0.0012011369629111933
7a4fb3f8,0.0009844753061906907,0.8183346297490152,0.0004986048662045462,0.18005857462324715,0.00012371545534243866
7a50f3d0,0.0004504502166539211,0.008856802162817732,0.013505721075870229,0.9764102490855778,0.0007767774590798244
7a4ac596,0.031744211232455,0.04919586377718104,0.6184949277044272,0.2983835566980665,0.0021814405878703377
7a4c21b6,0.006533456381979435,0.876345072680151,0.007309681185789743,0.10880188750597454,0.001009902246105406
7a4d504a,0.0011788658652261974,0.8262186843522984,0.0019702633974334294,0.17047413871684078,0.00015804766820119
7a4b6b54,0.0008409545773241545,0.9928450416653991,0.0002953098552972564,0.005973892961345634,4.480094063398398e-05
7a4fa3a4,6.899285773724976e-05,0.804293814228472,0.0005062556504812437,0.19510885110039558,2.2086162914099584e-05
7a504872,0.0009290925553072581,0.9743473870818983,0.002389148103650361,0.022257510137418172,7.686212172564811e-05
7a46510a,0.004264706754771357,0.706174371758348,0.004952900176789353,0.2837359524251529,0.0008720688849382046
7a49edce,0.005256691710111796,0.32982032097323993,0.0035148878734660924,0.6521594396340751,0.009248659809107516
7a4bb0be,0.00037875693514717183,0.930727583412408,0.0014453697001924584,0.06728253216548441,0.0001657577867679456
7a4900f8,0.01712052586277385,0.34518510636190125,0.013783130061204263,0.597279092275234,0.02663214543888637
7a483038,0.0005704593329046237,0.01999088793003288,0.03003310941018389,0.9491120921092854,0.0002934512175933436
7a498d16,0.00040037089745485933,0.6045973799094178,0.0037030941760197965,0.39102855948061344,0.0002705955364944409
7a50c612,0.000565517607471157,0.3835524988390482,0.0015032417568327547,0.614182695143741,0.00019604665290682129
7a4bbd84,0.0007673283490715696,0.10263776569971562,0.006508994800731268,0.8886390906703665,0.0014468204801151715
7a4956d4,0.0020720818626369683,0.07211409747470311,0.017001887162784224,0.9078742113769419,0.0009377221229339702
7a500e70,0.9964808133708001,0.0006801102050357651,0.0013481114757954208,0.000160039064795731,0.0013309258835733364
7a4e3d0c,0.003266507891379196,0.9725432699882358,0.0011087071701695876,0.020731298441675275,0.0023502165085398795
7a4c731e,5.240453043258124e-05,0.9895816470182084,0.000234244923604733,0.009863408697430263,0.0002682948303238713
7a4663d4,0.00351628211714345,0.9321923611387978,0.0009703989046613344,0.06285307189379567,0.0004678859456020823
7a50a65a,0.0005346253803477448,0.009045052925009551,0.03259427923801448,0.9573453294193719,0.00048071303725637725
7a506e4c,0.0007795214471818273,0.052149617056616825,0.01721063453840666,0.9284226999797932,0.0014375269780019361
7a482a66,0.00392298956481913,0.7224012687096278,0.0032339438093533673,0.2672666285880758,0.0031751693281241032
7a4b4796,0.0006683664827521438,0.24371167308829908,0.004499414515403898,0.7507187707052968,0.0004017752082479771
7a4aa228,0.001044307082704455,0.9269959258489788,0.0011728335062019164,0.07018314829617105,0.0006037852659437485
7a50612c,0.004237525183697021,0.6676059194257612,0.034823691030823285,0.25838235518592406,0.034950509173794615
7a4b7b58,0.000451076476013713,0.031214189088768475,0.009026625465763332,0.9586095794910304,0.0006985294784240542
7a4f24ba,0.0003389527247999656,0.016803841561227176,0.007565893144408771,0.9749809825662371,0.00031033000332704425
7a4b9638,0.0010997852716064596,0.4790612985326737,0.003787422948764961,0.5158535890569426,0.00019790419001208907
7a48892a,0.0046048070719426305,0.43679243741984686,0.04585207839938268,0.5125462834408073,0.00020439366802026736
7a4fde28,0.0009417553372623478,0.133000314783024,0.003867382619776713,0.8617766253699873,0.00041392188994938554
7a4946da,0.04045509596691977,0.4748463790513855,0.018539616013006372,0.4644327256638553,0.0017261833048333275
7a4c2abc,0.9123770193973553,0.015428216878678926,0.0528629254061761,0.018854216969627278,0.00047762134816233616
7a5082f6,0.024986515565962823,0.625214712886897,0.006589472779645456,0.3384337775982265,0.004775521169268271
7a4d27b4,0.010992767732911432,0.16200494310866306,0.051314945489354696,0.7750318430884756,0.0006555005805956125
7a4864c2,0.0023124437263771936,0.25861353070765253,0.013960749923238475,0.721844121273822,0.0032691543689097745
7a4add92,0.0002381121318245465,0.05409931914151973,0.007499234550987952,0.9375846585110811,0.0005786756645867662
7a4d7890,0.0003534781806890084,0.5319599150746257,0.0030115392232853712,0.46448166588268064,0.00019340163871934708
7a45172c,0.02887601289858097,0.7696560892086639,0.017746114814718616,0.14644833194791604,0.03727345113012052
7a490a9e,0.0015817927902497058,0.032932739030014965,0.013449791158432997,0.9518272670351524,0.0002084099861498624
7a45e95e,0.002639283431624884,0.17130834619092797,0.017818495111885234,0.8070458915579946,0.0011879837075675606
7a459314,0.00031689760031852965,0.13605649271928644,0.013821383139558096,0.8497395349971035,6.5691543733414e-05
7a4f9170,0.0005943452650925896,0.9395456961078698,0.0003853466965218077,0.059174248530726115,0.0003003633997896064
